Locus	Chr	SNP	BP_HG19	BP_HG38	EA	EAF	beta	se	P	N	EAF_LD_Panel	cojo_beta	cojo_se	cojo_P	snp_r2	LD_w_next_snp	distance_2_closest_gene	closest_gene	context	tagged_by_GWS_SNP_in_EUR
1:AFR	1	rs9661476	9505821	9445762	C	0.1913	-0.02126	0.00398	9.06e-08	 224,442 	0.2133	-0.0224	0.004	1.93e-08	0.000147	0.079	16.77	LOC100506022	Down-stream	Yes
2:AFR	1	rs2261434	11170131	11110074	A	0.76309	0.02298	0.0039	3.64e-09	 200,228 	0.8205	0.0308	0.004	6.42e-15	0.000256	-0.162	3.54	MTOR	Gene-Body	Yes
3:AFR	1	rs926702	17336521	17010026	T	0.23079	0.03525	0.00372	2.54e-21	 223,756 	0.1929	0.0386	0.0038	1.4e-24	0.000483	0.04	1.9	ATP13A2	Gene-Body	Yes
4:AFR	1	rs6650086	23338384	23011891	C	0.34741	0.02398	0.00326	2.04e-13	 227,378 	0.3325	0.0235	0.0033	6.1e-13	0.000256	0.012	1.06	C1orf234	Gene-Body	Yes
5:AFR	1	rs35015532	26752129	26425638	G	0.12478	-0.02591	0.00467	2.86e-08	 230,754 	0.1213	-0.0265	0.0047	1.48e-08	0.00015	-0.056	4.09	LIN28A	Gene-Body	Yes
6:AFR	1	rs600035	32412538	31946937	T	0.54927	0.022	0.00333	3.86e-11	 200,266 	0.5842	0.0263	0.0034	5.38e-15	0.000286	-0.102	8.55	PTP4A2	Down-stream	Yes
7:AFR	1	rs3754080	36616337	36150736	C	0.39998	0.02377	0.00319	9.96e-14	 224,275 	0.3744	0.0245	0.0032	3.09e-14	0.000279	0.096	5.23	MAP7D1	Up-stream	Yes
8:AFR	1	rs213753	41607331	41141659	A	0.05373	0.04915	0.00685	7.46e-13	 230,003 	0.0377	0.05	0.007	6.09e-13	0.00025	0.022	97.77	SLFNL1-AS1	Down-stream	Yes
9:AFR	1	rs4431884	46101323	45635651	T	0.33818	0.02131	0.00323	3.98e-11	 235,720 	0.331	0.0205	0.0032	2.22e-10	0.000195	0	8.35	GPBP1L1	Gene-Body	Yes
10:AFR	1	rs10890481	47922264	47456592	A	0.39203	0.01958	0.00315	5.34e-10	 231,843 	0.395	0.0205	0.0032	7.76e-11	0.000192	0.017	15.9	FOXD2	Down-stream	Yes
11:AFR	1	rs1992299	48191605	47725933	G	0.483	-0.01706	0.0031	3.84e-08	 228,472 	0.5123	-0.0176	0.0031	1.92e-08	0.00015	0.03	34.59	TRABD2B	Up-stream	Yes
12:AFR	1	rs2653907	50871575	50405903	T	0.29028	-0.02054	0.00336	9.74e-10	 236,223 	0.3043	-0.029	0.0035	4.13e-17	0.000246	0.228	11.65	DMRTA2	Up-stream	Yes
13:AFR	1	rs3176466	51438365	50972693	T	0.28759	0.04084	0.00341	4.96e-33	 230,304 	0.3094	0.0525	0.0035	3.37e-50	0.000878	0.057	1.94	CDKN2C	Gene-Body	Yes
14:AFR	1	rs12070243	51826242	51360570	A	0.52762	-0.02011	0.00305	4.47e-11	 236,587 	0.5622	-0.0202	0.0031	4.36e-11	0.000202	-0.01	6.31	EPS15	Gene-Body	No
15:AFR	1	rs12405835	54129732	53664059	G	0.19137	0.02519	0.00395	1.75e-10	 227,780 	0.191	0.0259	0.0039	5.8e-11	0.000202	0.008	70.15	GLIS1	Gene-Body	Yes
16:AFR	1	rs10888959	56651693	56186021	T	0.3002	-0.01981	0.00338	4.64e-09	 228,791 	0.3071	-0.0206	0.0034	1.11e-09	0.000172	0	308.73	PPAP2B	Up-stream	Yes
17:AFR	1	rs641712	86488232	86022549	A	0.39208	-0.01739	0.00309	1.86e-08	 241,218 	0.3997	-0.0173	0.0031	2.06e-08	0.000144	0.002	133.89	COL24A1	Gene-Body	No
18:AFR	1	rs3806340	89148793	88683110	G	0.45554	-0.02537	0.00304	7.28e-17	 239,387 	0.4573	-0.0253	0.003	8.11e-17	0.000319	0	1.13	PKN2	Up-stream	Yes
19:AFR	1	rs12046389	103409100	102943544	A	0.73613	0.02303	0.00355	8.88e-11	 224,242 	0.7724	0.023	0.0036	8.92e-11	0.000206	0	67.08	COL11A1	Gene-Body	Yes
20:AFR	1	rs7536458	118864602	118321979	G	0.18654	-0.04051	0.0039	2.76e-25	 238,121 	0.1808	-0.043	0.0039	5.88e-28	0.000528	-0.1	136.75	SPAG17	Down-stream	Yes
21:AFR	1	rs1325939	119583968	119041345	T	0.23109	-0.01869	0.00356	1.54e-07	 243,656 	0.2296	-0.0226	0.0036	2.84e-10	0.00015	0	10.13	WARS2	Gene-Body	Yes
22:AFR	1	rs12136856	156473114	156503322	C	0.66395	0.01844	0.00329	2.04e-08	 227,678 	0.697	0.0184	0.0033	2.05e-08	0.000152	0	2.48	MEF2D	Down-stream	Yes
23:AFR	1	rs2421994	172279909	172310769	A	0.13751	0.02506	0.00452	2.98e-08	 226,529 	0.128	0.0264	0.0045	5.39e-09	0.000157	0.038	101.95	DNM3	Gene-Body	Yes
24:AFR	1	rs12134818	172431435	172462295	G	0.21528	-0.02674	0.00372	6.77e-13	 234,764 	0.2378	-0.0296	0.0037	2.16e-15	0.000268	-0.041	6.53	C1orf105	Gene-Body	Yes
25:AFR	1	rs2089015	176261782	176292646	T	0.07651	-0.03005	0.00607	7.31e-07	 211,273 	0.063	-0.0383	0.0061	3.2e-10	0.000163	-0.049	85.4	RFWD2	Down-stream	Yes
26:AFR	1	rs10913204	176536889	176567753	G	0.72875	0.00623	0.00356	0.0805	 218,801 	0.7736	0.0227	0.0037	1.09e-09	5.58e-05	-0.239	104.58	PAPPA2	Gene-Body	Yes
27:AFR	1	rs2038114	176816410	176847274	C	0.3327	0.02612	0.00322	4.53e-16	 239,221 	0.3156	0.0275	0.0033	8.05e-17	0.00032	0.027	4.44	PAPPA2	Down-stream	Yes
28:AFR	1	rs3795503	180905694	180936558	T	0.19189	0.02989	0.00397	4.94e-14	 224,964 	0.1679	0.0282	0.004	1.44e-12	0.000262	0.029	9.55	KIAA1614	Gene-Body	Yes
29:AFR	1	rs1046934	184023529	184054395	C	0.16543	0.04676	0.00403	4.63e-31	 244,307 	0.1639	0.0451	0.0041	1.33e-28	0.000583	-0.09	2.72	TSEN15	Gene-Body	Yes
30:AFR	1	rs7539719	185958737	185989605	G	0.46083	-0.02135	0.00314	1.12e-11	 223,717 	0.492	-0.02	0.0032	3.4e-10	0.000212	0	71.13	MIR548F1	Up-stream	Yes
31:AFR	1	rs7519783	200685057	200715929	G	0.37509	-0.01848	0.00314	4.03e-09	 237,380 	0.3851	-0.0185	0.0031	4.06e-09	0.00016	0	21.68	LOC101929224	Down-stream	Yes
32:AFR	1	rs951366	205685352	205716224	C	0.27291	0.02301	0.00346	3.02e-11	 230,978 	0.262	0.023	0.0035	3.04e-11	0.00021	0	3.41	NUCKS1	Gene-Body	Yes
33:AFR	1	rs11808269	217664241	217490899	T	0.26951	-0.02811	0.00523	7.54e-08	 102,148 	0.2717	-0.0304	0.0052	6.01e-09	0.000337	-0.048	60.41	GPATCH2	Gene-Body	Yes
34:AFR	1	rs1418553	218610254	218436912	C	0.5502	-0.0395	0.00302	3.24e-39	 244,040 	0.5369	-0.0398	0.003	8.61e-40	0.000779	0.011	7.71	TGFB2	Gene-Body	Yes
35:AFR	1	rs17048887	219133102	218959760	C	0.13239	-0.0285	0.00465	8.62e-10	 221,478 	0.1376	-0.0279	0.0046	1.85e-09	0.000183	-0.011	121.21	LOC643723	Up-stream	Yes
36:AFR	1	rs10916619	224644885	224457183	A	0.16754	-0.02562	0.00408	3.28e-10	 237,101 	0.1567	-0.0262	0.0041	1.38e-10	0.000187	0	22.88	WDR26	Down-stream	Yes
37:AFR	2	rs28532847	1584345	1580573	A	0.24715	-0.02343	0.00354	3.75e-11	 235,288 	0.2725	-0.0237	0.0035	2.11e-11	0.000207	0.016	37.85	TPO	Down-stream	Yes
38:AFR	2	rs6721191	10190115	10049988	A	0.36748	0.01828	0.00326	1.98e-08	 222,951 	0.3446	0.0181	0.0033	2.64e-08	0.000154	-0.022	4.85	KLF11	Gene-Body	Yes
39:AFR	2	rs12328935	12143098	12002972	G	0.56685	-0.02201	0.00312	1.71e-12	 229,977 	0.6008	-0.0216	0.0031	4.1e-12	0.000234	0	4.14	LOC100506457	Up-stream	Yes
40:AFR	2	rs6752378	25150116	24927247	C	0.18756	0.03199	0.00401	1.55e-15	 223,876 	0.1496	0.0284	0.004	1.72e-12	0.000277	-0.004	8.06	ADCY3	Down-stream	Yes
41:AFR	2	rs6758088	26036036	25813167	A	0.31154	-0.01855	0.00329	1.73e-08	 236,533 	0.3086	-0.0187	0.0033	1.37e-08	0.000149	0.001	65.28	ASXL2	Gene-Body	Yes
42:AFR	2	rs6715793	33379263	33154196	T	0.29501	0.02777	0.0034	3e-16	 228,842 	0.2722	0.0274	0.0034	8.61e-16	0.000316	-0.044	206.9	LTBP1	Gene-Body	Yes
43:AFR	2	rs41464348	33527299	33302232	G	0.29207	0.02276	0.00331	5.84e-12	 242,920 	0.2661	0.0221	0.0033	2.86e-11	0.000208	0.012	97.28	LTBP1	Gene-Body	Yes
44:AFR	2	rs9295	36777825	36550682	A	0.24108	0.03279	0.0036	8.75e-20	 231,373 	0.2377	0.033	0.0036	5.93e-20	0.000395	-0.001	0.45	CRIM1	Gene-Body	Yes
45:AFR	2	rs11684601	43574242	43347103	T	0.29814	0.01988	0.00333	2.31e-09	 237,154 	0.3175	0.0205	0.0033	7.67e-10	0.00017	-0.023	116.27	THADA	Gene-Body	Yes
46:AFR	2	rs10170588	44410233	44183094	T	0.4784	0.02159	0.00305	1.37e-12	 237,128 	0.4883	0.0226	0.003	1.16e-13	0.000244	0	14.23	PPM1B	Gene-Body	Yes
47:AFR	2	rs6746287	55538097	55310961	G	0.45428	0.03848	0.00312	6.23e-35	 227,391 	0.5025	0.0273	0.0032	1.71e-17	0.000521	0.133	23.12	CCDC88A	Gene-Body	No
48:AFR	2	rs11680015	56090239	55863104	G	0.23721	0.03337	0.00358	1.1e-20	 237,115 	0.2485	0.023	0.0037	4.76e-10	0.000278	-0.136	2.86	EFEMP1	Up-stream	Yes
48:AFR	2	rs3791679	56096892	55869757	G	0.08187	-0.08909	0.0056	4.61e-57	 233,135 	0.0644	-0.0659	0.0058	8.05e-30	0.000882	-0.125	3.8	EFEMP1	Gene-Body	Yes
48:AFR	2	rs35387878	56131224	55904089	G	0.58342	0.03344	0.00308	1.84e-27	 238,262 	0.6087	0.0275	0.0031	2.25e-18	0.000447	0.042	20.07	EFEMP1	Gene-Body	Yes
48:AFR	2	rs1432559	56189618	55962483	G	0.44664	0.03211	0.00307	1.13e-25	 236,484 	0.472	0.0207	0.0031	4.75e-11	0.000328	-0.067	20.48	MIR217	Up-stream	Yes
49:AFR	2	rs847808	64994005	64766871	A	0.04101	-0.00147	0.00786	0.852	 226,008 	0.0265	0.0478	0.0081	3.04e-09	-5.53e-06	-0.073	79.26	LOC101927438	Up-stream	No
50:AFR	2	rs976394	66094705	65867571	G	0.39648	0.03093	0.00312	3.45e-23	 236,024 	0.4249	0.0251	0.0031	1.61e-15	0.000371	0.085	435.05	SPRED2	Down-stream	Yes
51:AFR	2	rs4241349	69330284	69103152	G	0.65515	0.0372	0.00326	4.51e-30	 228,002 	0.6983	0.0298	0.0034	8.61e-19	0.000501	0.205	0.53	MIR3126	Up-stream	Yes
52:AFR	2	rs11126343	71961721	71734591	T	0.77156	0.03657	0.00394	1.65e-20	 200,786 	0.8295	0.0259	0.0041	1.65e-10	0.000334	0.027	47.83	DYSF	Down-stream	Yes
53:AFR	2	rs2241057	72361960	72134831	G	0.27773	0.02726	0.00337	5.91e-16	 241,279 	0.2979	0.0226	0.0034	2.9e-11	0.000247	0.127	5.59	CYP26B1	Gene-Body	Yes
54:AFR	2	rs4852875	72758775	72531646	C	0.33585	0.03038	0.00327	1.76e-20	 229,617 	0.3634	0.0216	0.0033	9.03e-11	0.000293	0	294.4	EXOC6B	Gene-Body	Yes
55:AFR	2	rs12185756	121588250	120830675	A	0.16782	-0.03296	0.00407	5.95e-16	 236,947 	0.1701	-0.033	0.0041	6e-16	0.000303	0	33.38	GLI2	Gene-Body	Yes
56:AFR	2	rs2676151	171876212	171019702	A	0.50006	-0.01874	0.00303	5.91e-10	 239,914 	0.5208	-0.0178	0.003	4.16e-09	0.000167	-0.054	28.88	TLK1	Gene-Body	Yes
57:AFR	2	rs4972504	177018726	176153998	T	0.10643	0.02995	0.00495	1.43e-09	 235,859 	0.0904	0.0284	0.005	1.01e-08	0.000162	0	0.78	HOXD4	Down-stream	Yes
58:AFR	2	rs1456520	199772591	198907867	C	0.37765	-0.03464	0.00323	7.61e-27	 224,100 	0.4198	-0.0346	0.0032	7.83e-27	0.000564	0	361.63	SATB2	Up-stream	Yes
59:AFR	2	rs10804178	210849283	209984559	C	0.52564	0.02057	0.00306	1.75e-11	 235,458 	0.525	0.0209	0.0031	8.01e-12	0.000215	0.014	14.74	UNC80	Gene-Body	Yes
60:AFR	2	rs6745321	218293234	217428511	C	0.20129	0.03742	0.00391	9.83e-22	 223,842 	0.1629	0.0285	0.004	9.58e-13	0.000343	-0.156	144.49	DIRC3	Gene-Body	Yes
61:AFR	2	rs4672846	218598734	217734011	C	0.36623	-0.03625	0.00324	5.47e-29	 224,792 	0.4104	-0.0303	0.0033	3.52e-20	0.00051	-0.053	22.58	DIRC3	Gene-Body	Yes
62:AFR	2	rs4674332	219604326	218739603	C	0.22407	-0.01584	0.00376	2.48e-05	 223,970 	0.2019	-0.0245	0.0038	9.44e-11	0.000135	-0.067	15.81	TTLL4	Gene-Body	Yes
63:AFR	2	rs10445823	219910164	219045442	C	0.40725	-0.03526	0.0031	5.54e-30	 236,747 	0.4426	-0.0309	0.0031	5.76e-23	0.000526	-0.042	3.89	CCDC108	Down-stream	Yes
64:AFR	2	rs978887	225076149	224211432	A	0.32724	0.02817	0.00335	4.12e-17	 222,258 	0.2997	0.0231	0.0034	7.83e-12	0.000286	0.029	167.27	FAM124B	Up-stream	Yes
65:AFR	2	rs3116225	232880845	232016135	G	0.14541	-0.02588	0.00436	2.94e-09	 232,560 	0.1278	-0.0349	0.0045	7.3e-15	0.000224	-0.008	54.55	DIS3L2	Gene-Body	Yes
66:AFR	2	rs6728302	233053961	232189251	G	0.09858	-0.05183	0.00512	4.41e-24	 235,693 	0.0939	-0.0404	0.0053	1.75e-14	0.000372	-0.022	154.72	DIS3L2	Gene-Body	Yes
66:AFR	2	rs882098	233108857	232244147	T	0.42212	-0.00984	0.00313	0.00167	 229,872 	0.4615	-0.0203	0.0033	6.74e-10	9.74e-05	-0.194	99.82	DIS3L2	Gene-Body	Yes
66:AFR	2	rs6718438	233155566	232290856	C	0.49662	-0.03326	0.00306	1.54e-27	 234,832 	0.522	-0.0305	0.0032	2.72e-21	0.000507	-0.03	53.11	DIS3L2	Gene-Body	Yes
67:AFR	2	rs11675957	242208792	241269377	T	0.1584	0.02914	0.00433	1.63e-11	 220,148 	0.1315	0.0272	0.0043	3.31e-10	0.000212	0	42.11	HDLBP	Gene-Body	Yes
68:AFR	3	rs2675229	13551810	13510310	A	0.09965	0.03302	0.00506	6.91e-11	 238,929 	0.0977	0.033	0.0051	6.94e-11	0.000196	0	3.89	HDAC11	Down-stream	Yes
69:AFR	3	rs7627452	33436178	33394686	A	0.5125	-0.01884	0.00314	1.98e-09	 222,890 	0.5398	-0.0186	0.0031	3.49e-09	0.000175	-0.016	6.35	UBP1	Gene-Body	No
70:AFR	3	rs7618925	37767967	37726476	G	0.35426	0.01965	0.00321	9.19e-10	 233,243 	0.3378	0.0194	0.0032	1.62e-09	0.000174	0	27.21	ITGA9-AS1	Up-stream	Yes
71:AFR	3	rs2306431	51393457	51356026	T	0.06998	-0.0484	0.00598	5.76e-16	 236,060 	0.0709	-0.047	0.006	4.02e-15	0.000296	-0.027	28.17	DOCK3	Gene-Body	Yes
72:AFR	3	rs2276825	52886605	52852589	C	0.21254	-0.03364	0.00371	1.35e-19	 237,800 	0.2116	-0.0325	0.0037	3.34e-18	0.000366	-0.104	6.04	MIR8064	Down-stream	Yes
73:AFR	3	rs2564926	53094730	53060714	G	0.13666	0.03567	0.0045	2.26e-15	 229,798 	0.142	0.0327	0.0045	4.92e-13	0.000276	0.011	14.64	SFMBT1	Down-stream	Yes
74:AFR	3	rs7628255	56223384	56189356	G	0.49643	-0.02336	0.00308	3.09e-14	 232,147 	0.5428	-0.0191	0.0031	8.05e-10	0.000223	-0.107	279.01	ERC2	Gene-Body	Yes
75:AFR	3	rs4681725	56692321	56658293	T	0.25067	0.03166	0.00354	3.71e-19	 233,478 	0.2164	0.0284	0.0036	1.79e-15	0.000338	-0.084	24.81	FAM208A	Gene-Body	Yes
76:AFR	3	rs1839068	60809315	60823621	C	0.54904	-0.02108	0.00323	6.53e-11	 212,938 	0.5961	-0.0182	0.0032	2.17e-08	0.00019	0	427.82	FHIT	Gene-Body	No
77:AFR	3	rs6802472	71036994	70987843	A	0.23231	0.02825	0.00402	2.18e-12	 190,308 	0.1834	0.0282	0.004	2.2e-12	0.000285	0	33.13	FOXP1	Gene-Body	Yes
78:AFR	3	rs1879378	98951383	99232539	T	0.52336	-0.01931	0.00312	5.92e-10	 226,586 	0.5421	-0.0189	0.0031	1.26e-09	0.000182	-0.018	321.77	MIR548G	Up-stream	Yes
79:AFR	3	rs13101237	99219235	99500391	G	0.2054	0.02423	0.00378	1.54e-10	 235,014 	0.2283	0.0241	0.0038	1.88e-10	0.000191	-0.014	53.92	MIR548G	Up-stream	Yes
80:AFR	3	rs6792339	99680907	99962063	G	0.15272	0.02442	0.00434	1.85e-08	 225,292 	0.1591	0.0247	0.0043	1.2e-08	0.000156	0	2.25	MIR3921	Up-stream	Yes
81:AFR	3	rs1903431	112852657	113133810	A	0.30201	0.01911	0.00328	5.77e-09	 241,988 	0.2844	0.0191	0.0033	5.79e-09	0.000154	0	8.54	LOC101929717	Up-stream	Yes
82:AFR	3	rs6765930	129020778	129301935	A	0.11253	-0.03739	0.00493	3.42e-14	 226,082 	0.0967	-0.0388	0.0049	3.68e-15	0.00029	-0.007	3.36	HMCES	Gene-Body	Yes
83:AFR	3	rs10804630	133997989	134279147	C	0.20081	-0.02322	0.00402	7.7e-09	 211,778 	0.2149	-0.0231	0.004	9.53e-09	0.000172	0.027	28.4	RYK	Down-stream	Yes
84:AFR	3	rs9841212	134191938	134473096	C	0.50725	-0.03461	0.00312	1.19e-28	 226,120 	0.5321	-0.0391	0.0031	9.65e-36	0.000677	-0.078	4.61	ANAPC13	Up-stream	Yes
85:AFR	3	rs6806123	136305476	136586634	G	0.06075	-0.04021	0.00682	3.65e-09	 207,268 	0.0362	-0.0379	0.0069	3.45e-08	0.000174	0.01	165.77	STAG1	Gene-Body	Yes
86:AFR	3	rs16848785	138848899	139130057	A	0.29048	-0.02175	0.00334	7.27e-11	 239,124 	0.293	-0.023	0.0033	6.03e-12	0.000206	0.006	4.89	BPESC1	Down-stream	Yes
87:AFR	3	rs9857275	141078188	141359346	A	0.24305	0.02381	0.00359	3.19e-11	 232,014 	0.2329	0.0281	0.0036	6.29e-15	0.000246	-0.086	35.13	ZBTB38	Gene-Body	Yes
87:AFR	3	rs9846396	141140968	141422126	T	0.67159	0.04827	0.0033	2.4e-48	 228,038 	0.6929	0.0517	0.0033	3.15e-54	0.0011	0	27.66	ZBTB38	Gene-Body	Yes
88:AFR	3	rs4243400	171970859	172253069	A	0.19274	-0.0445	0.00401	1.33e-28	 219,349 	0.1561	-0.0477	0.004	3.9e-32	0.000661	-0.135	147.63	FNDC3B	Gene-Body	Yes
89:AFR	3	rs558572	172157110	172439320	T	0.37259	-0.01472	0.00314	2.79e-06	 238,017 	0.3994	-0.0196	0.0032	6.48e-10	0.000135	0	3.97	GHSR	Up-stream	Yes
90:AFR	3	rs11705701	185544309	185826521	G	0.22465	-0.02895	0.00381	3.21e-14	 216,714 	0.186	-0.0275	0.0038	6.58e-13	0.000277	-0.072	1.48	IGF2BP2	Down-stream	Yes
91:AFR	3	rs9841435	191111160	191393371	G	0.58281	0.01887	0.00312	1.4e-09	 232,758 	0.6244	0.0173	0.0031	2.95e-08	0.000159	0	5.3	CCDC50	Gene-Body	Yes
92:AFR	4	rs34627176	1006200	1012412	A	0.14559	-0.02879	0.00458	3.38e-10	 210,123 	0.1328	-0.0278	0.0046	1.32e-09	0.000199	-0.02	0.59	FGFRL1	Gene-Body	Yes
93:AFR	4	rs1077020	1988193	1986466	C	0.34048	0.0275	0.00335	2.06e-16	 218,454 	0.3516	0.0266	0.0033	1.94e-15	0.000329	-0.023	0.01	MIR943	Gene-Body	Yes
94:AFR	4	rs2302580	8608634	8606907	T	0.17516	-0.03055	0.00413	1.36e-13	 223,082 	0.1538	-0.0275	0.0041	2.85e-11	0.000243	-0.019	12.85	CPZ	Gene-Body	Yes
95:AFR	4	rs733047	13242724	13241100	C	0.38852	0.02651	0.00313	2.24e-17	 236,601 	0.3968	0.0262	0.0031	5.17e-17	0.00033	0.007	126.62	RAB28	Up-stream	Yes
96:AFR	4	rs13102976	17979829	17978206	C	0.09663	-0.06456	0.00522	3.92e-35	 230,859 	0.0873	-0.048	0.0053	2.99e-19	0.000541	-0.218	43.65	LCORL	Gene-Body	Yes
96:AFR	4	rs2011603	18025484	18023861	G	0.33277	0.05315	0.00323	7.18e-61	 237,064 	0.3365	0.0464	0.0033	9.85e-45	0.0011	0	2	LCORL	Down-stream	Yes
97:AFR	4	rs28875284	52788822	51922656	G	0.57135	0.02154	0.00322	2.35e-11	 215,818 	0.5975	0.021	0.0032	6.93e-11	0.000222	0.016	5.82	DCUN1D4	Down-stream	Yes
98:AFR	4	rs781663	57781754	56915588	G	0.24925	0.03689	0.00352	1.02e-25	 236,975 	0.2527	0.0365	0.0035	3.04e-25	0.000505	0	7.71	REST	Gene-Body	Yes
99:AFR	4	rs4694373	71975779	71110062	T	0.6428	0.02862	0.00335	1.21e-17	 213,575 	0.6915	0.0241	0.0034	1.17e-12	0.000316	0.116	77.22	SLC4A4	Up-stream	No
100:AFR	4	rs700514	73361819	72496102	C	0.29018	0.03169	0.00341	1.58e-20	 229,021 	0.3223	0.0241	0.0034	2.57e-12	0.000315	0.051	72.7	ADAMTS3	Gene-Body	Yes
101:AFR	4	rs9992277	79661618	78740464	A	0.37152	0.03036	0.00327	1.64e-20	 219,927 	0.4277	0.0195	0.0033	4.19e-09	0.000277	0.122	35.91	BMP2K	Up-stream	Yes
102:AFR	4	rs1662840	82156409	81235255	T	0.66137	0.05608	0.00332	7.67e-64	 221,674 	0.7037	0.0508	0.0034	1.77e-51	0.00128	0.056	20.14	PRKG2	Down-stream	Yes
103:AFR	4	rs2604209	89621072	88699921	G	0.43469	0.02359	0.00312	3.83e-14	 229,987 	0.4606	0.0197	0.0031	2.85e-10	0.000229	0	2.05	NAP1L5	Down-stream	No
104:AFR	4	rs3796951	104628158	103707001	A	0.66786	0.02693	0.00344	4.73e-15	 209,464 	0.7236	0.0282	0.0034	2.57e-16	0.000337	0.049	12.82	TACR3	Gene-Body	Yes
105:AFR	4	rs2647228	106215370	105294213	A	0.46506	-0.02345	0.00301	6.12e-15	 244,380 	0.4699	-0.0246	0.003	3.31e-16	0.000287	0	14.41	TET2	Down-stream	Yes
106:AFR	4	rs2389870	120522038	119600883	C	0.18582	-0.02513	0.00392	1.42e-10	 236,572 	0.1919	-0.0279	0.0039	1.51e-12	0.000212	-0.108	27.94	PDE5A	Gene-Body	No
107:AFR	4	rs2389919	120756095	119834940	G	0.15314	-0.02466	0.00427	7.88e-09	 232,006 	0.1323	-0.0279	0.0043	8.2e-11	0.000179	0	30.43	LOC101927007	Down-stream	Yes
108:AFR	4	rs6827794	145430297	144509145	T	0.07035	-0.03106	0.00638	1.14e-06	 206,090 	0.0612	-0.0378	0.0064	3.74e-09	0.000154	0.092	133.77	HHIP-AS1	Up-stream	Yes
109:AFR	4	rs7675744	145572046	144650894	C	0.17538	0.0471	0.00407	6.49e-31	 228,806 	0.1461	0.0492	0.0041	2.54e-33	0.00067	0	4.88	HHIP-AS1	Down-stream	Yes
110:AFR	4	rs6858486	184190535	183269382	G	0.39467	-0.02034	0.00319	1.75e-10	 226,396 	0.4042	-0.0203	0.0032	1.75e-10	0.000198	0	48.68	CLDN22	Up-stream	Yes
111:AFR	5	rs3935156	7757812	7757699	A	0.35587	0.02057	0.00326	2.91e-10	 225,045 	0.3262	0.0206	0.0033	2.92e-10	0.000194	0	72.38	ADCY2	Gene-Body	Yes
112:AFR	5	rs13164873	21768286	21768177	A	0.14326	0.03456	0.00481	6.47e-13	 193,708 	0.1024	0.0346	0.0048	6.51e-13	0.000293	0	17.31	CDH12	Gene-Body	No
113:AFR	5	rs3792752	32768634	32768528	G	0.42346	0.04048	0.00303	1.19e-40	 244,623 	0.4347	0.0486	0.0031	1.02e-56	0.000961	-0.128	23.2	NPR3	Gene-Body	Yes
113:AFR	5	rs1173771	32815028	32814922	A	0.24274	0.04008	0.00349	1.83e-30	 244,741 	0.2272	0.0374	0.0036	9.5e-25	0.000551	-0.249	23.2	NPR3	Down-stream	Yes
114:AFR	5	rs7730787	32920484	32920378	A	0.50477	-0.03841	0.0031	3.27e-35	 228,289 	0.5446	-0.0276	0.0033	2.61e-17	0.00053	0.051	27.06	LOC340113	Up-stream	Yes
115:AFR	5	rs1876658	33012520	33012414	C	0.07094	0.03191	0.00598	9.43e-08	 233,224 	0.0756	0.0539	0.0061	6.61e-19	0.000227	-0.128	49.95	LOC340113	Down-stream	Yes
115:AFR	5	rs1508827	33017254	33017148	A	0.19224	0.04205	0.00394	1.21e-26	 228,356 	0.1733	0.0334	0.0041	1.85e-16	0.000437	-0.099	54.68	LOC340113	Down-stream	Yes
116:AFR	5	rs10071837	33381581	33381475	T	0.40675	-0.03678	0.00311	2.43e-32	 235,821 	0.4278	-0.0325	0.0032	7e-25	0.000576	-0.055	59.22	TARS	Up-stream	Yes
117:AFR	5	rs1542369	43001601	43001499	C	0.3232	0.02521	0.00325	8.88e-15	 237,654 	0.2942	0.0222	0.0033	1e-11	0.000245	-0.02	8.17	FLJ32255	Down-stream	No
118:AFR	5	rs6893250	43680667	43680565	G	0.28115	-0.02837	0.0034	6.77e-17	 235,434 	0.3063	-0.0279	0.0034	2.21e-16	0.00032	0	25	NNT	Gene-Body	Yes
119:AFR	5	rs10940473	54873285	55577457	C	0.308	0.02026	0.00334	1.28e-09	 231,196 	0.3011	0.0215	0.0033	1.3e-10	0.000186	0.024	42.38	PPAP2A	Down-stream	Yes
120:AFR	5	rs1423621	56101035	56805208	C	0.48837	-0.02629	0.00309	1.73e-17	 230,331 	0.5239	-0.0263	0.0031	1.65e-17	0.000346	-0.001	9.86	MAP3K1	Up-stream	Yes
121:AFR	5	rs746477	59023870	59728044	C	0.28606	-0.02026	0.00336	1.6e-09	 238,518 	0.2836	-0.0207	0.0034	7.63e-10	0.000171	-0.024	759.01	PDE4D	Gene-Body	Yes
122:AFR	5	rs6871603	64509707	65213880	G	0.3619	-0.01968	0.00314	3.61e-10	 241,562 	0.3636	-0.0222	0.0032	1.73e-12	0.000202	-0.083	65.15	ADAMTS6	Gene-Body	No
123:AFR	5	rs10042323	64597359	65301532	T	0.43799	-0.02954	0.0031	1.54e-21	 232,256 	0.4327	-0.0308	0.0031	3.91e-23	0.000448	0.022	152.8	ADAMTS6	Gene-Body	Yes
124:AFR	5	rs192282	67613643	68317815	C	0.40437	-0.02014	0.00315	1.55e-10	 230,342 	0.4218	-0.0195	0.0031	6.45e-10	0.000189	-0.007	15.99	PIK3R1	Down-stream	Yes
125:AFR	5	rs820857	73960992	74665167	C	0.26565	0.02253	0.00355	2.27e-10	 223,121 	0.2701	0.0221	0.0036	5.03e-10	0.000194	0	23.74	ENC1	Down-stream	Yes
126:AFR	5	rs6452806	88319907	89024090	T	0.4315	0.02561	0.00306	5.17e-17	 239,874 	0.4119	0.0256	0.0031	5.22e-17	0.000322	0	8.29	MEF2C-AS1	Gene-Body	Yes
127:AFR	5	rs10477538	115070403	115734706	T	0.32701	0.02082	0.00324	1.26e-10	 238,180 	0.3246	0.0207	0.0032	1.56e-10	0.00019	-0.006	62.05	LOC102467217	Down-stream	Yes
128:AFR	5	rs6861011	120645496	121309801	C	0.60062	-0.01719	0.0031	2.87e-08	 238,593 	0.6239	-0.0171	0.0031	3.57e-08	0.000141	0	12.75	LOC102467226	Up-stream	No
129:AFR	5	rs4594848	131586598	132250905	A	0.21542	0.04245	0.0037	1.61e-30	 237,782 	0.1881	0.041	0.0037	2.03e-28	0.000588	0.065	6.75	PDLIM4	Up-stream	Yes
130:AFR	5	rs10072362	134342720	135007030	A	0.3077	0.02273	0.00329	4.93e-12	 238,168 	0.2891	0.0204	0.0033	6.46e-10	0.000197	0	4.68	CATSPER3	Gene-Body	Yes
131:AFR	5	rs4282339	168256240	168829235	A	0.15228	-0.04278	0.00416	8.29e-25	 245,819 	0.1426	-0.0437	0.0042	8.34e-26	0.000483	-0.007	60.98	MIR218-2	Down-stream	Yes
132:AFR	5	rs4620037	170875097	171448093	C	0.27874	-0.02625	0.00347	4.14e-14	 226,349 	0.2799	-0.0268	0.0035	1.29e-14	0.000283	-0.022	9.53	FGF18	Gene-Body	Yes
133:AFR	5	rs1030677	170998981	171571977	G	0.49658	-0.01762	0.00314	1.94e-08	 223,376 	0.5331	-0.0189	0.0031	2.01e-09	0.000166	-0.045	114.35	FGF18	Down-stream	Yes
134:AFR	5	rs255292	172580866	173153863	A	0.37918	-0.01832	0.00317	7.84e-09	 231,550 	0.3616	-0.0207	0.0032	7.19e-11	0.000179	0.018	9.42	BNIP1	Gene-Body	Yes
135:AFR	5	rs2112676	172991573	173564570	T	0.13437	-0.02591	0.00457	1.38e-08	 226,599 	0.1153	-0.0289	0.0046	2.61e-10	0.000174	-0.039	15.06	LOC285593	Up-stream	Yes
136:AFR	5	rs506370	176330388	176903387	C	0.24138	-0.02392	0.00367	7e-11	 222,889 	0.2605	-0.0227	0.0037	7.59e-10	0.000199	-0.025	1.62	UIMC1	Up-stream	No
137:AFR	5	rs2456173	176514595	177087594	T	0.24866	-0.02541	0.0035	3.87e-13	 239,962 	0.2535	-0.0223	0.0035	2.97e-10	0.000212	-0.14	0.72	FGFR4	Gene-Body	Yes
137:AFR	5	rs2011077	176521456	177094455	T	0.07433	0.05244	0.00608	6.21e-18	 216,113 	0.0559	0.047	0.0062	2.81e-14	0.000339	0	3.69	FGFR4	Gene-Body	Yes
138:AFR	6	rs6934186	6357485	6357252	G	0.12326	0.02708	0.00466	6.38e-09	 233,726 	0.1002	0.0256	0.0047	4.38e-08	0.00015	-0.015	10.79	LY86-AS1	Gene-Body	Yes
139:AFR	6	rs876122	6886297	6886064	A	0.16276	-0.02771	0.00465	2.51e-09	 186,466 	0.1692	-0.0283	0.0047	1.19e-09	0.000214	-0.003	221.53	RREB1	Up-stream	Yes
140:AFR	6	rs2327010	7717073	7716840	G	0.24282	0.03597	0.00356	4.89e-24	 236,073 	0.22	0.0365	0.0036	1.54e-24	0.000483	-0.056	9.94	BMP6	Up-stream	Yes
141:AFR	6	rs10498671	7797591	7797358	C	0.29848	0.02908	0.00329	9.84e-19	 242,251 	0.3184	0.0322	0.0033	1.51e-22	0.000393	0	70.58	BMP6	Gene-Body	Yes
142:AFR	6	rs10806987	24315743	24315515	C	0.16905	0.02437	0.00431	1.59e-08	 210,377 	0.1229	0.0413	0.0045	4.69e-20	0.000282	0.146	41.39	KAAG1	Up-stream	No
143:AFR	6	rs4544900	24677988	24677760	T	0.09016	0.02825	0.00553	3.17e-07	 219,386 	0.0785	0.0349	0.0056	5.09e-10	0.000162	0.105	10.73	ACOT13	Gene-Body	No
144:AFR	6	rs9366648	26306282	26306054	C	0.12299	-0.01562	0.00471	0.000914	 229,571 	0.0998	-0.0393	0.0049	1.41e-15	0.000132	0.02	20.56	HIST1H4H	Down-stream	Yes
145:AFR	6	rs2596503	31320810	31353033	A	0.14933	0.03752	0.00422	5.81e-19	 243,053 	0.1324	0.0319	0.0043	6.27e-14	0.000304	0.108	0.84	HLA-B	Up-stream	Yes
146:AFR	6	rs9271055	32575369	32607592	G	0.16353	0.02378	0.00407	5.29e-09	 242,116 	0.1565	0.0235	0.0041	9.26e-09	0.000153	-0.007	17.76	HLA-DRB1	Down-stream	Yes
147:AFR	6	rs9394200	34218718	34250941	T	0.38728	0.04683	0.0032	2.31e-48	 225,254 	0.426	0.0697	0.0033	3.25e-97	0.00155	-0.128	1.83	C6orf1	Down-stream	Yes
148:AFR	6	rs9394274	35114911	35147134	C	0.28724	0.05002	0.00342	1.73e-48	 229,414 	0.2473	0.063	0.0036	1.48e-68	0.00129	0.122	5.72	TCP11	Down-stream	Yes
149:AFR	6	rs743965	35254207	35286430	A	0.23346	-0.04294	0.00357	2.48e-33	 240,793 	0.2549	-0.0661	0.0037	1.25e-70	0.00102	-0.221	9.56	ZNF76	Gene-Body	Yes
149:AFR	6	rs7771474	35320447	35352670	T	0.12546	-0.03527	0.00456	1.07e-14	 240,513 	0.1289	-0.0512	0.0048	1.65e-26	0.000396	0.022	10.11	PPARD	Gene-Body	Yes
150:AFR	6	rs167325	39757080	39789304	T	0.34998	-0.02573	0.00322	1.3e-15	 233,007 	0.3806	-0.022	0.0033	1.32e-11	0.000258	-0.078	3.08	DAAM2	Up-stream	No
151:AFR	6	rs3799965	44798617	44830880	T	0.06167	-0.02249	0.00656	0.000602	 220,921 	0.0454	-0.045	0.0066	1.1e-11	0.000117	0.077	4.15	SUPT3H	Gene-Body	Yes
152:AFR	6	rs941969	52388875	52524077	A	0.42567	0.01712	0.00311	3.78e-08	 231,857 	0.3989	0.0187	0.0031	1.97e-09	0.000157	0	26.68	TRAM2	Gene-Body	Yes
153:AFR	6	rs12208368	76417786	75708070	A	0.08082	0.03141	0.00561	2.2e-08	 234,728 	0.0753	0.0309	0.0056	3.9e-08	0.000144	0.008	10.21	SENP6	Gene-Body	Yes
154:AFR	6	rs10455370	81040867	80331150	T	0.15904	-0.01967	0.00437	6.73e-06	 215,091 	0.1119	-0.0283	0.0044	1.9e-10	0.000149	-0.111	15.12	BCKDHB	Gene-Body	Yes
155:AFR	6	rs748215	81353325	80643608	A	0.34707	-0.02249	0.00316	1.17e-12	 242,179 	0.3583	-0.0214	0.0032	2.78e-11	0.000218	-0.144	297.34	BCKDHB	Down-stream	Yes
156:AFR	6	rs310409	81798503	81088786	A	0.53022	0.02162	0.00304	1.07e-12	 239,219 	0.5214	0.0192	0.0031	4.25e-10	0.000207	0.028	656.94	FAM46A	Up-stream	Yes
157:AFR	6	rs9361858	82464216	81754499	T	0.30905	0.01727	0.00335	2.5e-07	 229,335 	0.2696	0.0202	0.0034	2.51e-09	0.000149	0	1.79	FAM46A	Down-stream	No
158:AFR	6	rs314276	105407999	104960124	A	0.40644	0.02924	0.00305	8.44e-22	 245,159 	0.4092	0.0292	0.003	8.59e-22	0.000412	0	3.08	LIN28B	Gene-Body	Yes
159:AFR	6	rs7749803	117487485	117166322	A	0.26573	-0.02173	0.00348	4.03e-10	 233,068 	0.2447	-0.0237	0.0035	9.54e-12	0.000201	0.07	99.24	VGLL2	Up-stream	Yes
160:AFR	6	rs7754833	126190894	125869748	G	0.10628	0.0262	0.00526	6.42e-07	 208,782 	0.0736	0.0338	0.0055	5.85e-10	0.000168	-0.124	62.28	NCOA7	Gene-Body	Yes
161:AFR	6	rs2152876	126761228	126440082	G	0.68745	-0.02818	0.00331	1.58e-17	 233,703 	0.7054	-0.0286	0.0033	1.13e-17	0.000346	0.001	43.24	CENPW	Gene-Body	Yes
162:AFR	6	rs9492432	130322595	130001450	A	0.17134	-0.02797	0.00407	6.19e-12	 233,698 	0.1733	-0.0223	0.0041	4.99e-08	0.000177	-0.1	17.13	L3MBTL3	Up-stream	Yes
162:AFR	6	rs7740188	130346105	130024960	G	0.26063	0.04417	0.00346	2.53e-37	 237,972 	0.2555	0.0419	0.0035	2.13e-33	0.000713	-0.003	6.38	L3MBTL3	Gene-Body	Yes
163:AFR	6	rs6921207	131327956	131006816	G	0.39293	-0.01828	0.00313	5.14e-09	 235,258 	0.3651	-0.019	0.0032	1.92e-09	0.000166	0.098	56.51	EPB41L2	Gene-Body	Yes
164:AFR	6	rs3822939	133849789	133528651	A	0.13895	-0.02306	0.0046	5.28e-07	 217,157 	0.1065	-0.0338	0.0048	2.32e-12	0.000187	0.163	3.47	EYA4	Gene-Body	Yes
165:AFR	6	rs9389858	141374691	141053554	T	0.20615	-0.01677	0.00396	2.33e-05	 213,767 	0.1659	-0.0247	0.0041	1.83e-09	0.000136	0.228	369.67	MIR4465	Down-stream	Yes
166:AFR	6	rs9496346	142669338	142348201	A	0.3428	0.03353	0.00332	6.13e-24	 220,745 	0.3113	0.0474	0.0035	7.31e-43	0.000715	-0.058	46.28	GPR126	Gene-Body	Yes
167:AFR	6	rs11155813	152149435	151828300	C	0.34025	0.04547	0.00319	3.76e-46	 240,621 	0.3619	0.0453	0.0032	1.56e-44	0.000925	-0.146	137.81	ESR1	Gene-Body	Yes
167:AFR	6	rs9322335	152200129	151878994	T	0.30677	-0.02256	0.00335	1.64e-11	 230,307 	0.3093	-0.02	0.0034	4.86e-09	0.000192	-0.144	188.5	ESR1	Gene-Body	Yes
168:AFR	6	rs726281	152302578	151981443	A	0.26274	-0.02978	0.00365	3.16e-16	 213,236 	0.2264	-0.0394	0.0037	3.6e-26	0.000455	-0.043	121.83	ESR1	Gene-Body	Yes
169:AFR	6	rs827987	158799140	158378108	T	0.56549	-0.01531	0.00312	9.32e-07	 229,411 	0.5728	-0.0196	0.0031	3.74e-10	0.000148	-0.017	65.45	TULP4	Gene-Body	Yes
170:AFR	6	rs13218689	160459205	160038173	T	0.0636	0.02971	0.00633	2.7e-06	 230,034 	0.0513	0.0384	0.0064	2.12e-09	0.000136	0.097	30.51	AIRN	Down-stream	Yes
171:AFR	6	rs624319	160772900	160351868	A	0.323	0.01736	0.00329	1.33e-07	 231,895 	0.296	0.0203	0.0033	1.06e-09	0.000154	0.103	3.5	SLC22A3	Gene-Body	Yes
172:AFR	6	rs9347594	162587892	162166860	C	0.15786	-0.03108	0.00449	4.19e-12	 205,407 	0.1034	-0.0386	0.0045	1.96e-17	0.000319	0.008	560.27	PACRG	Up-stream	No
173:AFR	6	rs2609319	168877549	168476869	T	0.21858	-0.02493	0.00372	2e-11	 232,730 	0.213	-0.0251	0.0037	1.58e-11	0.000213	0	35.72	SMOC2	Gene-Body	Yes
174:AFR	7	rs798485	2803510	2763876	T	0.11688	-0.0519	0.00475	7.97e-28	 236,099 	0.1091	-0.0532	0.0048	4.41e-29	0.00057	0.041	35.77	GNA12	Gene-Body	Yes
175:AFR	7	rs6966915	12265988	12226362	C	0.36292	0.01863	0.00316	3.59e-09	 238,454 	0.3445	0.0211	0.0032	2.98e-11	0.000181	-0.05	10.9	TMEM106B	Gene-Body	Yes
176:AFR	7	rs1178111	18745723	18706100	C	0.48807	-0.01743	0.00318	4.15e-08	 217,555 	0.5291	-0.0209	0.0032	6.47e-11	0.000182	0.068	291.27	HDAC9	Gene-Body	Yes
177:AFR	7	rs10251141	19084682	19045059	T	0.29066	0.02146	0.00345	5.22e-10	 223,278 	0.3156	0.0211	0.0035	1.3e-09	0.000187	-0.021	47.69	HDAC9	Down-stream	Yes
177:AFR	7	rs4721746	19153843	19114220	A	0.12214	0.02654	0.00486	4.84e-08	 216,652 	0.133	0.027	0.0049	2.84e-08	0.000154	-0.037	1.25	TWIST1	Up-stream	Yes
178:AFR	7	rs13233253	20393056	20353433	T	0.1146	-0.0402	0.00495	4.72e-16	 220,791 	0.0873	-0.0414	0.005	1.37e-16	0.000338	-0.012	21.67	LOC101927811	Down-stream	Yes
179:AFR	7	rs12700443	23514868	23475249	A	0.43413	-0.02175	0.00307	1.41e-12	 237,156 	0.4475	-0.022	0.0031	7.29e-13	0.000236	0.014	4.87	IGF2BP3	Down-stream	Yes
180:AFR	7	rs6958350	25871933	25832313	C	0.49351	-0.02193	0.00309	1.34e-12	 229,754 	0.4728	-0.0203	0.0031	6.79e-11	0.000222	0.037	8.67	RNU6-16P	Up-stream	Yes
181:AFR	7	rs506154	28202079	28162460	T	0.13007	0.03241	0.00448	4.84e-13	 241,599 	0.1153	0.0363	0.0045	6.99e-16	0.000266	0.023	18	JAZF1-AS1	Up-stream	Yes
182:AFR	7	rs10266139	32999498	32959886	C	0.10569	-0.02743	0.00504	5.29e-08	 228,695 	0.0917	-0.0282	0.005	2.23e-08	0.000146	0	2.48	FKBP9	Gene-Body	Yes
183:AFR	7	rs2268573	44190468	44150869	T	0.28174	0.02168	0.0035	5.76e-10	 221,829 	0.239	0.021	0.0035	2.06e-09	0.000185	0.009	6.6	GCK	Gene-Body	Yes
184:AFR	7	rs6975917	46119844	46080246	C	0.22978	-0.03764	0.00362	2.56e-25	 236,760 	0.2387	-0.0411	0.0037	2.13e-29	0.000548	-0.124	158.97	IGFBP3	Down-stream	Yes
185:AFR	7	rs1352090	46193843	46154245	C	0.54079	-0.01796	0.00306	4.44e-09	 236,001 	0.5347	-0.021	0.0031	2.08e-11	0.000187	0.151	232.97	IGFBP3	Down-stream	Yes
186:AFR	7	rs17172708	46525421	46485823	T	0.26343	-0.03041	0.00348	2.42e-18	 233,537 	0.2946	-0.022	0.0036	9.32e-10	0.000259	0.162	564.55	IGFBP3	Down-stream	Yes
187:AFR	7	rs17172718	46604821	46565223	G	0.16968	-0.03467	0.00406	1.34e-17	 236,605 	0.1765	-0.0317	0.0041	1.37e-14	0.00031	-0.004	643.95	IGFBP3	Down-stream	Yes
188:AFR	7	rs10245153	47043106	47003508	C	0.30394	-0.01767	0.0033	8.8e-08	 238,112 	0.2871	-0.0204	0.0033	7.67e-10	0.000152	0	271.65	TNS3	Up-stream	Yes
189:AFR	7	rs4355658	73225692	73811362	A	0.46834	-0.02257	0.0031	3.31e-13	 229,510 	0.4984	-0.0215	0.0031	5.46e-12	0.000242	-0.073	19.5	CLDN4	Up-stream	Yes
190:AFR	7	rs12669267	73304636	73890306	T	0.23655	-0.02639	0.00367	6.47e-13	 225,848 	0.2534	-0.0285	0.0037	1.14e-14	0.000272	0.066	24.41	WBSCR28	Down-stream	Yes
191:AFR	7	rs6948963	73425238	74010908	C	0.43321	-0.02244	0.00307	2.85e-13	 236,849 	0.4183	-0.0176	0.0031	1.32e-08	0.000194	0.113	16.88	ELN	Up-stream	No
192:AFR	7	rs150881	73589359	74175029	T	0.08351	-0.04378	0.00569	1.43e-14	 221,634 	0.0843	-0.0394	0.0058	7.67e-12	0.000264	0	0.65	EIF4H	Gene-Body	No
193:AFR	7	rs2235048	87138511	87509195	G	0.22913	-0.02526	0.00363	3.4e-12	 236,036 	0.2028	-0.0224	0.0037	1.01e-09	2e-04	0.054	5.33	ABCB1	Gene-Body	Yes
194:AFR	7	rs42041	92246744	92617430	G	0.15914	0.04838	0.00412	7.38e-32	 241,904 	0.1567	0.0452	0.0042	7.59e-27	0.000586	0.195	12.51	CDK6	Gene-Body	Yes
195:AFR	7	rs10488521	92342868	92713554	C	0.37252	0.03301	0.00315	1.2e-25	 236,263 	0.4078	0.0233	0.0032	5.56e-13	0.00036	-0.055	108.63	CDK6	Gene-Body	No
196:AFR	7	rs10270472	92670860	93041546	G	0.29198	-0.02572	0.00339	3.08e-14	 231,659 	0.2674	-0.0243	0.0034	9.9e-13	0.000259	0.008	57.97	SAMD9	Up-stream	Yes
197:AFR	7	rs7788746	99612405	100014782	G	0.32205	0.01845	0.00331	2.55e-08	 229,220 	0.3198	0.0189	0.0033	1.18e-08	0.000152	0.02	0.79	ZKSCAN1	Up-stream	Yes
198:AFR	7	rs12536415	103163552	103523105	C	0.28776	-0.01944	0.00355	4.31e-08	 212,800 	0.2452	-0.0198	0.0035	2.3e-08	0.000158	0	9.1	LOC101927870	Down-stream	No
199:AFR	7	rs2707500	121059871	121419817	G	0.59383	0.02623	0.00323	4.99e-16	 217,854 	0.6495	0.0262	0.0032	5.04e-16	0.000332	0	23.45	FAM3C	Down-stream	No
200:AFR	7	rs11769128	131373213	131688454	A	0.22046	-0.02603	0.00384	1.25e-11	 216,520 	0.178	-0.0225	0.0039	7.28e-09	0.000201	-0.182	131.84	PODXL	Down-stream	No
201:AFR	7	rs6943538	137535454	137850708	T	0.51825	0.02599	0.00377	5.75e-12	 154,438 	0.5704	0.0226	0.0038	3.35e-09	0.000293	0	3.85	DGKI	Down-stream	Yes
202:AFR	7	rs822531	148629759	148932667	C	0.05627	-0.05077	0.00688	1.58e-13	 218,584 	0.0459	-0.0508	0.0069	1.59e-13	0.000274	0	48.32	EZH2	Down-stream	Yes
203:AFR	8	rs656070	8625770	8768260	C	0.43362	0.01888	0.00307	7.77e-10	 237,334 	0.4635	0.0201	0.0031	7.02e-11	0.000186	0.059	16.23	MFHAS1	Up-stream	No
204:AFR	8	rs1383942	13357587	13500078	G	0.34073	-0.0189	0.00323	4.75e-09	 234,701 	0.3613	-0.0211	0.0032	6.28e-11	0.00018	0.012	14.84	DLC1	Gene-Body	Yes
205:AFR	8	rs1063582	23167353	23309840	T	0.31028	0.02682	0.00323	1.05e-16	 245,849 	0.3148	0.0282	0.0032	3.11e-18	0.000323	-0.027	12.94	LOXL2	Gene-Body	Yes
205:AFR	8	rs4872112	23219657	23362144	A	0.37981	0.0198	0.00319	5.27e-10	 229,372 	0.4159	0.0227	0.0032	1.19e-12	0.000212	0.068	3.98	LOC100507156	Gene-Body	Yes
206:AFR	8	rs11991223	24088374	24230861	T	0.3474	-0.02141	0.00314	9.75e-12	 245,242 	0.3615	-0.0234	0.0032	1.02e-13	0.000227	0	63.21	ADAM28	Up-stream	Yes
207:AFR	8	rs7463906	57195664	56283105	A	0.10784	0.03238	0.00495	6.11e-11	 233,052 	0.0966	0.0347	0.005	2.47e-12	0.000216	-0.006	16.91	SDR16C5	Up-stream	Yes
208:AFR	8	rs16920046	57944932	57032373	C	0.10873	-0.02367	0.005	2.18e-06	 227,073 	0.1101	-0.0276	0.005	3.9e-08	0.000127	0.101	38.5	IMPAD1	Down-stream	No
209:AFR	8	rs6996924	58132447	57219888	A	0.31784	0.02416	0.00334	4.63e-13	 227,233 	0.3412	0.0275	0.0034	3.11e-16	0.000288	0	0.8	LOC100507651	Gene-Body	Yes
210:AFR	8	rs2925155	75886297	74974062	T	0.07343	-0.04428	0.00639	4.1e-12	 197,977 	0.0603	-0.0407	0.0064	2.19e-10	0.000245	-0.088	10.41	CRISPLD1	Up-stream	Yes
211:AFR	8	rs16939431	78042819	77130583	T	0.31568	0.02463	0.0034	4.51e-13	 219,595 	0.3352	0.0228	0.0034	2.39e-11	0.000243	0	129.54	PEX2	Down-stream	Yes
212:AFR	8	rs16894605	97478729	96466501	C	0.4671	0.01743	0.00319	4.84e-08	 216,360 	0.5167	0.0174	0.0032	4.85e-08	0.000151	0	27.15	SDC2	Up-stream	No
213:AFR	8	rs1550162	117563532	116551294	G	0.20995	0.02336	0.00379	6.79e-10	 231,046 	0.1961	0.0238	0.0038	3.53e-10	0.000184	-0.019	93.52	EIF3H	Up-stream	Yes
214:AFR	8	rs2891717	124339970	123327730	G	0.36328	0.01549	0.00338	4.47e-06	 208,260 	0.3852	0.0195	0.0034	9.71e-09	0.00014	-0.001	7.88	ATAD2	Gene-Body	Yes
215:AFR	8	rs1902778	129194850	128182604	G	0.27	0.02215	0.00339	5.99e-11	 243,185 	0.2619	0.0226	0.0034	2.5e-11	0.000197	-0.003	32.42	MIR1208	Down-stream	Yes
216:AFR	8	rs4733724	130723728	129711482	A	0.27298	0.04003	0.00398	8.62e-24	 174,627 	0.2223	0.0434	0.004	2.75e-27	0.00069	-0.008	36.71	GSDMC	Up-stream	Yes
217:AFR	8	rs3739422	135614972	134602729	G	0.27913	-0.03312	0.00333	2.66e-23	 246,026 	0.273	-0.0331	0.0033	2.82e-23	0.000442	0.025	2.04	ZFAT-AS1	Down-stream	Yes
217:AFR	8	rs12541381	135649848	134637605	A	0.11687	-0.02265	0.00519	1.29e-05	 197,264 	0.0992	-0.0307	0.0052	4.55e-09	0.000143	-0.095	36.92	ZFAT-AS1	Down-stream	Yes
217:AFR	8	rs10505628	135708575	134696332	T	0.41013	-0.02445	0.00309	2.48e-15	 237,832 	0.4184	-0.0261	0.0031	3.68e-17	0.000309	0.016	16.72	ZFAT	Gene-Body	Yes
218:AFR	8	rs11136342	145044749	143970581	G	0.59321	-0.01776	0.0032	2.91e-08	 222,044 	0.6353	-0.0177	0.0032	3.33e-08	0.000152	0	6.16	PLEC	Gene-Body	Yes
219:AFR	9	rs10810590	16689291	16689293	T	0.42239	-0.02413	0.00321	5.72e-14	 218,345 	0.3762	-0.0241	0.0032	5.77e-14	0.000284	0	181.5	BNC2	Gene-Body	Yes
220:AFR	9	rs5812	35802583	35802586	T	0.43363	0.01689	0.00306	3.31e-08	 239,308 	0.4576	0.0169	0.0031	3.31e-08	0.00014	0	5.2	SPAG8	Up-stream	Yes
221:AFR	9	rs171340	89099421	86484506	C	0.64833	-0.02874	0.00326	1.07e-18	 227,287 	0.6785	-0.0285	0.0033	1.94e-18	0.000374	0.02	130.02	ZCCHC6	Down-stream	Yes
222:AFR	9	rs28442014	98234563	95472281	T	0.22177	0.02121	0.0037	9.74e-09	 232,765 	0.2311	0.0221	0.0037	2.39e-09	0.000162	0.007	2.26	LOC100507346	Down-stream	Yes
223:AFR	9	rs1984119	98368761	95606479	C	0.20047	-0.0364	0.00385	3.04e-21	 231,526 	0.1932	-0.0326	0.0039	4.7e-17	0.00038	-0.122	89.51	PTCH1	Down-stream	Yes
223:AFR	9	rs12343296	98398777	95636495	T	0.07259	0.04863	0.00594	2.64e-16	 231,302 	0.0622	0.042	0.006	2.58e-12	0.000275	-0.044	119.53	PTCH1	Down-stream	Yes
224:AFR	9	rs7870106	99210584	96448302	A	0.54082	0.0296	0.00312	2.1e-21	 227,797 	0.5735	0.0313	0.0031	1.86e-23	0.000459	-0.068	1.85	HABP4	Up-stream	Yes
225:AFR	9	rs7866436	100650096	97887814	G	0.18416	0.01818	0.00393	3.67e-06	 237,163 	0.1637	0.0225	0.004	1.41e-08	0.000123	-0.088	16.67	C9orf156	Up-stream	Yes
226:AFR	9	rs874610	100782695	98020413	T	0.34187	-0.02063	0.0032	1.15e-10	 238,392 	0.3538	-0.0236	0.0032	2.51e-13	0.000219	-0.001	4.47	ANP32B	Down-stream	Yes
227:AFR	9	rs2222133	108917072	106154791	C	0.32498	-0.0206	0.00319	1.08e-10	 245,824 	0.3244	-0.0208	0.0032	6.56e-11	0.000188	-0.002	378.18	TMEM38B	Down-stream	Yes
228:AFR	9	rs16925750	109469564	106707283	G	0.37217	0.03514	0.00317	1.46e-28	 233,946 	0.4014	0.0339	0.0032	5.82e-26	0.000557	-0.173	27.48	LOC100996590	Down-stream	No
229:AFR	9	rs4625093	109592778	106830497	A	0.19202	-0.03503	0.00415	3.39e-17	 205,144 	0.1399	-0.0348	0.0042	2.5e-16	0.000378	-0.039	32.6	ZNF462	Up-stream	Yes
230:AFR	9	rs9299199	114287275	111524995	T	0.53235	-0.0147	0.00303	1.24e-06	 240,188 	0.5427	-0.0167	0.003	3.75e-08	0.000122	-0.007	0.16	ZNF483	Up-stream	Yes
231:AFR	9	rs1250023	117869930	115107651	T	0.38937	-0.02261	0.00317	1.01e-12	 229,645 	0.3805	-0.0205	0.0032	1.16e-10	0.00022	0.065	10.61	TNC	Gene-Body	Yes
232:AFR	9	rs10118264	118484799	115722520	G	0.25935	-0.02304	0.0035	4.61e-11	 233,431 	0.2783	-0.0284	0.0035	9.65e-16	0.000251	0.009	17.15	LOC101928775	Up-stream	Yes
233:AFR	9	rs1407243	119314851	116552572	T	0.41578	0.01867	0.00309	1.48e-09	 237,252 	0.4084	0.0202	0.0031	5.73e-11	0.000184	0.015	9.72	LOC100128505	Gene-Body	Yes
234:AFR	9	rs11794984	122652870	119890592	T	0.26887	-0.02895	0.00348	8.34e-17	 231,070 	0.2297	-0.0219	0.0036	1.31e-09	0.000249	0.284	354.39	MIR147A	Up-stream	Yes
235:AFR	9	rs7870805	126013023	123250744	A	0.2956	-0.03687	0.00367	9.36e-24	 195,866 	0.2232	-0.0318	0.0038	9.13e-17	0.000488	0.07	17.83	STRBP	Gene-Body	Yes
236:AFR	9	rs2789514	129833029	127070750	G	0.07492	-0.03966	0.006	3.76e-11	 220,375 	0.0686	-0.0335	0.006	2.46e-08	0.000184	-0.03	16.6	ANGPTL2	Up-stream	Yes
237:AFR	9	rs7038554	139134981	136243135	G	0.64566	0.0241	0.00349	5.31e-12	 196,654 	0.6753	0.0235	0.0035	1.64e-11	0.00026	0	2.71	QSOX2	Gene-Body	Yes
238:AFR	10	rs12779328	12943973	12901973	T	0.11338	-0.0304	0.00495	8.05e-10	 223,222 	0.0904	-0.0318	0.005	1.4e-10	0.000194	0.049	5.35	CCDC3	Gene-Body	Yes
239:AFR	10	rs1053454	22826093	22537164	A	0.18782	0.02365	0.00391	1.43e-09	 235,915 	0.1584	0.023	0.0039	4.45e-09	0.000166	-0.08	2.33	PIP4K2A	Gene-Body	Yes
240:AFR	10	rs2815499	28087006	27798077	G	0.59513	-0.02113	0.00324	7.04e-11	 217,126 	0.6307	-0.0197	0.0033	1.46e-09	2e-04	0	14.09	ARMC4	Up-stream	Yes
241:AFR	10	rs1171615	61469090	59709332	C	0.23356	0.02378	0.00357	2.67e-11	 240,928 	0.2558	0.0238	0.0036	2.68e-11	0.000202	0	0.56	SLC16A9	Gene-Body	Yes
242:AFR	10	rs10740396	74020044	72260286	T	0.31898	-0.02181	0.00339	1.23e-10	 220,187 	0.2786	-0.0187	0.0034	3.7e-08	0.000178	-0.031	13.63	DDIT4	Up-stream	Yes
243:AFR	10	rs11000486	74762548	73002790	A	0.16091	-0.02531	0.00414	9.61e-10	 237,605 	0.1719	-0.0293	0.0042	1.77e-12	2e-04	0.074	4.43	P4HA1	Up-stream	No
244:AFR	10	rs7069592	75343811	73584053	C	0.17709	0.04325	0.00416	2.32e-25	 218,158 	0.1849	0.0426	0.0042	2.01e-24	0.000538	-0.022	8.38	USP54	Down-stream	Yes
245:AFR	10	rs1749824	80923862	79164105	A	0.35153	-0.02005	0.0033	1.26e-09	 221,092 	0.3638	-0.0209	0.0033	2.8e-10	0.000191	0.057	95.07	ZMIZ1	Gene-Body	Yes
246:AFR	10	rs1483733	81130036	79370280	T	0.57724	0.03099	0.00309	1.17e-23	 235,462 	0.584	0.032	0.0031	5.8e-25	0.000483	0.007	12.05	ZCCHC24	Up-stream	Yes
247:AFR	10	rs2244092	89777788	88018031	A	0.47455	-0.01573	0.00306	2.71e-07	 235,340 	0.4918	-0.0167	0.0031	4.48e-08	0.000131	-0.026	49.26	PTEN	Down-stream	Yes
248:AFR	10	rs3961944	97852357	96092600	T	0.08473	-0.03611	0.00596	1.35e-09	 199,618 	0.0543	-0.0372	0.006	5.58e-10	0.000208	-0.094	2.37	ENTPD1-AS1	Down-stream	Yes
249:AFR	10	rs11188959	98632067	96872310	T	0.26434	0.02388	0.00349	7.6e-12	 232,155 	0.2853	0.0228	0.0035	7.74e-11	0.000212	-0.026	40.05	LCOR	Gene-Body	Yes
250:AFR	10	rs2296580	104241683	102481926	T	0.14502	0.02127	0.00439	1.24e-06	 230,224 	0.1256	0.0313	0.0045	2.44e-12	0.000165	-0.149	2.7	ACTR1A	Gene-Body	Yes
251:AFR	10	rs743572	104597152	102837395	G	0.37043	0.01965	0.00311	2.56e-10	 243,877 	0.3671	0.023	0.0031	2.21e-13	0.000211	0.007	0.14	CYP17A1	Gene-Body	Yes
252:AFR	10	rs2419613	114028538	112268780	A	0.23921	-0.02211	0.0037	2.36e-09	 220,073 	0.2022	-0.0237	0.0037	1.9e-10	0.000191	-0.028	14.88	TECTB	Up-stream	Yes
253:AFR	10	rs10787959	121131313	119371801	A	0.37772	0.02423	0.00314	1.3e-14	 236,443 	0.3746	0.0233	0.0031	1.32e-13	0.000265	0.025	6.17	MIR4681	Up-stream	Yes
254:AFR	10	rs2672587	124235355	122475839	G	0.34782	0.02856	0.00351	4.12e-16	 196,501 	0.3693	0.028	0.0035	1.64e-15	0.000362	0	14.32	HTRA1	Gene-Body	Yes
255:AFR	10	rs2241541	126671673	124983104	C	0.19603	0.03024	0.00395	1.93e-14	 223,352 	0.1977	0.0305	0.004	1.23e-14	0.00029	0	4.33	ZRANB1	Gene-Body	Yes
256:AFR	11	rs4320932	2171601	2150371	C	0.13544	-0.03167	0.00398	1.85e-15	 295,712 	0.1258	-0.0338	0.004	2.89e-17	0.000251	-0.087	0.77	IGF2	Down-stream	Yes
257:AFR	11	rs2521252	2399658	2378428	C	0.53099	-0.01644	0.00281	4.66e-09	 280,016 	0.5334	-0.0173	0.0028	8.69e-10	0.000142	0.062	0.44	CD81-AS1	Down-stream	No
258:AFR	11	rs163183	2844441	2823211	T	0.34846	-0.02018	0.00285	1.43e-12	 297,854 	0.3603	-0.0194	0.0029	1.11e-11	0.000178	0.012	25.9	KCNQ1	Gene-Body	Yes
259:AFR	11	rs10765989	12769397	12747850	A	0.41547	0.02038	0.00282	4.53e-13	 285,389 	0.4112	0.0199	0.0028	1.53e-12	0.000197	0.04	73.43	TEAD1	Gene-Body	Yes
260:AFR	11	rs7109016	13293979	13272432	A	0.52581	0.01727	0.00268	1.08e-10	 307,716 	0.5511	0.0165	0.0027	6.57e-10	0.000142	0	5.35	ARNTL	Up-stream	Yes
261:AFR	11	rs10838702	47410888	47389337	T	0.33519	0.01153	0.00285	5.38e-05	 302,546 	0.3343	0.0172	0.0029	3.19e-09	8.86e-05	-0.196	10.76	SPI1	Down-stream	No
261:AFR	11	rs4237544	47454271	47432720	A	0.55592	0.02458	0.00272	1.59e-19	 300,813 	0.5821	0.0278	0.0028	1.23e-23	0.000337	0	5.04	RAPSN	Up-stream	Yes
262:AFR	11	rs12419784	59823461	60055988	A	0.09603	-0.02712	0.00475	1.12e-08	 280,648 	0.0777	-0.032	0.0048	2.57e-11	0.000151	0.026	0.64	MS4A3	Up-stream	Yes
263:AFR	11	rs947791	65302893	65535422	A	0.15578	0.02062	0.00378	4.81e-08	 292,636 	0.1371	0.0243	0.0038	1.5e-10	0.000132	0.002	3.14	LTBP3	Up-stream	Yes
264:AFR	11	rs12576996	65580638	65813167	G	0.06149	0.01751	0.00577	0.00242	 285,714 	0.0459	0.0423	0.006	1.71e-12	8.54e-05	-0.14	15.95	OVOL1	Down-stream	Yes
265:AFR	11	rs9795434	65686180	65918709	C	0.29354	0.0226	0.00303	8.63e-14	 288,551 	0.3211	0.0191	0.0031	6.21e-10	0.000179	-0.021	0.35	C11orf68	Gene-Body	No
266:AFR	11	rs4397861	66647188	66879717	T	0.07412	-0.03352	0.00528	2.14e-10	 287,409 	0.082	-0.0327	0.0053	6.72e-10	0.00015	0.016	19.24	LRFN4	Down-stream	Yes
267:AFR	11	rs2002028	69275432	69460664	G	0.27801	-0.03249	0.00301	3.92e-27	 301,597 	0.2858	-0.0358	0.003	3.23e-32	0.000467	-0.079	180.44	CCND1	Up-stream	Yes
268:AFR	11	rs12361305	69933614	70087508	A	0.10529	-0.03935	0.00465	2.57e-17	 269,844 	0.0733	-0.0377	0.0048	4.99e-15	0.000279	-0.065	9.21	ANO1	Gene-Body	Yes
268:AFR	11	rs10160639	69999122	70153016	A	0.32803	-0.01215	0.00287	2.28e-05	 302,785 	0.3248	-0.0158	0.0029	4.01e-08	8.46e-05	-0.005	36.53	ANO1	Gene-Body	Yes
269:AFR	11	rs2887046	74266026	74554981	G	0.37006	-0.01975	0.00276	8.23e-13	 309,448 	0.3535	-0.0187	0.0028	1.6e-11	0.000172	-0.07	37.55	POLD3	Up-stream	Yes
270:AFR	11	rs1793399	75220505	75509460	C	0.50295	0.02392	0.00273	1.87e-18	 294,968 	0.5379	0.0183	0.0028	5.5e-11	0.000218	0.078	16.09	GDPD5	Gene-Body	No
270:AFR	11	rs606452	75276178	75565133	A	0.34446	0.06033	0.00283	9.02e-101	 303,106 	0.3735	0.0598	0.0029	1.62e-97	0.00163	-0.03	3.08	SERPINH1	Gene-Body	Yes
271:AFR	11	rs7123361	76161389	76450345	G	0.21838	0.02089	0.00341	9.12e-10	 276,603 	0.2051	0.024	0.0034	2.05e-12	0.000171	0.032	5.32	C11orf30	Gene-Body	Yes
272:AFR	11	rs662199	85449542	85738499	A	0.04472	-0.03774	0.00661	1.16e-08	 293,997 	0.0346	-0.037	0.0066	2.41e-08	0.000119	0.058	44.28	SYTL2	Gene-Body	Yes
273:AFR	11	rs7945304	89372524	89639356	C	0.21658	-0.02006	0.00328	9.16e-10	 301,735 	0.2001	-0.019	0.0033	6.94e-09	0.000129	0	19.94	FOLH1B	Up-stream	Yes
274:AFR	11	rs10892563	120224544	120353835	C	0.55677	-0.01718	0.00268	1.37e-10	 310,927 	0.5728	-0.0169	0.0027	2.54e-10	0.000144	0.017	16.93	ARHGEF12	Gene-Body	Yes
275:AFR	11	rs1944693	121626415	121755707	G	0.38609	-0.01573	0.00276	1.21e-08	 304,141 	0.3917	-0.0154	0.0028	2.7e-08	0.000114	0.001	121.94	SORL1	Down-stream	Yes
276:AFR	11	rs4293126	122804133	122933425	A	0.51299	0.01467	0.00269	5e-08	 303,568 	0.5209	0.0152	0.0027	1.63e-08	0.000111	0.011	26.3	C11orf63	Gene-Body	Yes
277:AFR	11	rs1939236	128602827	128732932	G	0.19813	-0.02211	0.00334	3.75e-11	 309,419 	0.1955	-0.0219	0.0033	6.11e-11	0.000154	0	36.91	SENCR	Down-stream	Yes
278:AFR	12	rs215227	592524	483358	A	0.17267	0.03053	0.00422	4.84e-13	 215,633 	0.1549	0.0281	0.0042	3.29e-11	0.000245	-0.036	22.98	B4GALNT3	Gene-Body	Yes
279:AFR	12	rs880054	988558	879392	C	0.56166	-0.01895	0.00301	2.99e-10	 246,647 	0.5746	-0.0175	0.003	6.72e-09	0.000163	0.015	32.06	WNK1	Gene-Body	Yes
280:AFR	12	rs7135327	1543590	1434424	A	0.53062	-0.02239	0.00314	9.69e-13	 223,970 	0.5809	-0.0201	0.0031	1.8e-10	0.000224	0.054	61.51	ERC1	Gene-Body	Yes
281:AFR	12	rs4883263	7649484	7496888	T	0.35595	-0.02572	0.00324	2.23e-15	 227,681 	0.3848	-0.0213	0.0033	7.11e-11	0.000251	-0.091	6.93	CD163	Gene-Body	Yes
282:AFR	12	rs11054425	11864281	11711347	A	0.08845	0.04896	0.00595	1.8e-16	 192,706 	0.051	0.0431	0.006	5.71e-13	0.00034	-0.075	61.49	ETV6	Gene-Body	Yes
283:AFR	12	rs7308681	14523674	14370740	G	0.31629	-0.02309	0.00342	1.39e-11	 217,643 	0.3514	-0.0205	0.0034	2.18e-09	0.000205	-0.007	5.11	ATF7IP	Gene-Body	Yes
284:AFR	12	rs6487133	20845152	20692218	A	0.26427	0.02586	0.00347	9.58e-14	 234,271 	0.2665	0.0255	0.0035	1.99e-13	0.000257	0	3.14	SLCO1C1	Up-stream	Yes
285:AFR	12	rs1965280	28296572	28143639	C	0.23045	0.02325	0.00362	1.35e-10	 236,204 	0.2225	0.0212	0.0036	5.16e-09	0.000175	-0.082	113.56	CCDC91	Up-stream	Yes
285:AFR	12	rs11049407	28334364	28181431	G	0.27248	-0.02501	0.00336	9.81e-14	 245,503 	0.2689	-0.0233	0.0034	4.98e-12	0.000231	0	75.77	CCDC91	Up-stream	Yes
286:AFR	12	rs2715775	47154430	46760647	G	0.51625	0.02089	0.00308	1.25e-11	 231,330 	0.5493	0.0231	0.0031	9.46e-14	0.000241	-0.1	4.11	SLC38A4	Up-stream	Yes
287:AFR	12	rs10783724	55746910	55353126	A	0.203	0.02607	0.00397	5.36e-11	 214,980 	0.1529	0.026	0.004	8.77e-11	0.00022	-0.033	11.98	OR6C75	Up-stream	No
288:AFR	12	rs2277339	57146069	56752285	G	0.19299	-0.02602	0.00383	1.06e-11	 240,649 	0.1942	-0.023	0.0038	2.12e-09	0.000186	0	0.08	PRIM1	Gene-Body	Yes
289:AFR	12	rs703842	58162739	57768956	G	0.322	-0.01829	0.00322	1.37e-08	 242,494 	0.3232	-0.0182	0.0032	1.53e-08	0.000146	0.012	0.39	METTL1	Gene-Body	Yes
290:AFR	12	rs3905826	65529901	65136121	G	0.56678	-0.02618	0.00314	7.92e-17	 226,533 	0.5955	-0.0203	0.0032	2.12e-10	0.00026	-0.019	14.56	WIF1	Down-stream	Yes
291:AFR	12	rs1122590	66174856	65781076	G	0.35941	0.01073	0.00316	0.000686	 238,789 	0.3868	0.027	0.0033	1.51e-16	0.000133	0.209	23.06	RPSAP52	Gene-Body	No
292:AFR	12	rs1460126	66261977	65868197	G	0.62119	-0.05278	0.00341	5.56e-54	 200,324 	0.6905	-0.0455	0.0035	1.08e-37	0.00113	-0.183	13.97	LOC100129940	Gene-Body	Yes
293:AFR	12	rs8756	66359752	65965972	C	0.40975	0.04629	0.00303	1.15e-52	 247,085 	0.404	0.0437	0.0031	1.29e-44	0.000979	-0.059	0.32	HMGA2	Gene-Body	Yes
293:AFR	12	rs10878359	66404624	66010844	T	0.32562	-0.02345	0.00323	3.72e-13	 240,117 	0.3123	-0.0191	0.0032	3.84e-09	0.000197	0.012	12.78	MIR6074	Up-stream	Yes
294:AFR	12	rs10878985	69830643	69436863	G	0.21812	0.03379	0.00394	1.06e-17	 206,983 	0.2066	0.0333	0.0039	3.09e-17	0.000384	0	33.49	FRS2	Up-stream	Yes
295:AFR	12	rs7968353	77696449	77302669	A	0.40229	-0.01797	0.0031	6.45e-09	 238,322 	0.4128	-0.0172	0.0031	2.99e-08	0.000148	-0.037	237.09	E2F7	Down-stream	Yes
296:AFR	12	rs2463169	80079048	79685268	G	0.23354	0.03376	0.00415	4.46e-16	 177,780 	0.1567	0.033	0.0042	2e-15	0.000399	0	5.74	PAWR	Gene-Body	No
297:AFR	12	rs17837158	93783770	93389994	C	0.10998	0.03275	0.00491	2.55e-11	 232,802 	0.096	0.0303	0.005	1e-09	0.000194	-0.108	12.03	NUDT4P1	Gene-Body	No
298:AFR	12	rs1498708	93963964	93570188	T	0.34681	-0.03648	0.00326	5.06e-29	 227,663 	0.3831	-0.0239	0.0034	2.03e-12	0.000395	-0.222	0.37	SOCS2	Gene-Body	Yes
298:AFR	12	rs11107116	93978504	93584728	T	0.09616	0.05796	0.00515	2.21e-29	 238,247 	0.0843	0.0513	0.0053	3.28e-22	0.000517	0.032	7.98	SOCS2	Down-stream	Yes
299:AFR	12	rs4761739	94106366	93712590	A	0.29171	0.03546	0.00345	9.43e-25	 222,999 	0.2751	0.0309	0.0035	1.16e-18	0.000452	-0.095	4.8	LOC101928731	Gene-Body	Yes
300:AFR	12	rs10859584	94181844	93788068	A	0.16246	-0.0363	0.00435	7.05e-17	 213,428 	0.175	-0.03	0.0044	7e-12	0.000296	-0.016	50.25	LOC101928731	Down-stream	Yes
301:AFR	12	rs4764854	102355342	101961564	G	0.18286	-0.02853	0.00414	5.75e-12	 214,142 	0.1509	-0.0308	0.0042	2.06e-13	0.000262	-0.018	37.94	DRAM1	Down-stream	Yes
302:AFR	12	rs11111147	102462468	102068690	C	0.03645	-0.09333	0.00837	7.54e-29	 222,956 	0.0393	-0.0898	0.0084	1.35e-26	0.000588	0.084	5.5	NUP37	Up-stream	Yes
303:AFR	12	rs12426318	102635521	102241743	A	0.27596	-0.02323	0.00339	6.8e-12	 239,902 	0.2935	-0.0203	0.0034	3.84e-09	0.000188	-0.116	43.91	PMCH	Down-stream	Yes
304:AFR	12	rs5742704	102793921	102400143	C	0.03902	0.06098	0.00808	4.49e-14	 224,353 	0.0464	0.0464	0.0082	1.26e-08	0.000212	-0.011	4.28	IGF1	Gene-Body	Yes
305:AFR	12	rs11111306	102963647	102569869	A	0.44225	-0.02757	0.00318	4.71e-18	 219,777 	0.4516	-0.0246	0.0032	1.47e-14	0.000334	-0.082	89.27	IGF1	Down-stream	Yes
306:AFR	12	rs12300112	103147575	102753797	C	0.22602	0.03362	0.0038	9.16e-19	 217,280 	0.2525	0.0322	0.0038	5.45e-17	0.000379	0.02	55.49	LINC00485	Up-stream	Yes
307:AFR	12	rs1921126	107411605	107017827	C	0.54059	0.02101	0.00301	2.84e-12	 244,582 	0.5502	0.0204	0.003	1.18e-11	0.000213	0	26.46	CRY1	Gene-Body	Yes
308:AFR	12	rs4767490	117435016	116997211	T	0.27683	-0.01943	0.00343	1.5e-08	 233,017 	0.2908	-0.0207	0.0034	1.7e-09	0.000161	0	9.87	LOC100506551	Down-stream	Yes
309:AFR	12	rs10773076	124769687	124285141	C	0.16859	0.02938	0.00433	1.12e-11	 209,245 	0.1949	0.0261	0.0044	2.35e-09	0.000215	-0.137	4.02	FAM101A	Up-stream	Yes
309:AFR	12	rs1794973	124825592	124341046	T	0.15436	-0.02796	0.00457	9.71e-10	 201,281 	0.1201	-0.0261	0.0046	1.72e-08	0.00019	0	3.8	MIR6880	Down-stream	Yes
310:AFR	13	rs602639	30699003	30124866	A	0.55546	0.01892	0.00316	2.23e-09	 222,296 	0.6	0.0189	0.0032	2.24e-09	0.000177	0	77.76	KATNAL1	Up-stream	No
311:AFR	13	rs7329613	47831887	47257752	A	0.15178	-0.03354	0.00449	8.23e-14	 211,376 	0.1063	-0.0293	0.0046	1.85e-10	0.000253	0.159	360.68	HTR2A	Down-stream	Yes
312:AFR	13	rs2031532	50080847	49506711	A	0.14184	-0.03234	0.00441	2.24e-13	 232,078 	0.1233	-0.0269	0.0045	1.77e-09	0.000211	0.019	11.05	PHF11	Gene-Body	Yes
313:AFR	13	rs9562933	50446164	49872028	G	0.15527	0.0417	0.00415	9.88e-24	 242,812 	0.1416	0.0384	0.0042	9.76e-20	0.00042	0.031	18.38	CTAGE10P	Up-stream	Yes
314:AFR	13	rs6561575	50677611	50103475	A	0.14122	0.04631	0.00437	3.08e-26	 237,142 	0.1406	0.0409	0.0044	2e-20	0.000459	0.138	21.31	DLEU1	Gene-Body	Yes
315:AFR	13	rs2049286	50775500	50201364	C	0.09176	0.04694	0.00534	1.38e-18	 231,514 	0.0868	0.0315	0.0055	9.39e-09	0.000246	-0.055	27.75	ST13P4	Down-stream	Yes
316:AFR	13	rs3118906	51106788	50532652	A	0.11465	-0.04992	0.00472	3.42e-26	 243,320 	0.0962	-0.0446	0.0048	6.95e-21	0.000452	0	4.01	DLEU1	Down-stream	Yes
317:AFR	13	rs4885712	80839476	80265341	C	0.51215	0.01976	0.00304	8.58e-11	 237,198 	0.5057	0.0198	0.003	8.61e-11	0.000195	0	70.64	SPRY2	Up-stream	Yes
318:AFR	13	rs9523313	92020042	91367788	G	0.48118	0.01874	0.00302	5.29e-10	 241,629 	0.4808	0.0187	0.003	5.3e-10	0.000175	0	13.21	MIR17HG	Down-stream	Yes
319:AFR	14	rs2351174	61013237	60546519	T	0.1767	-0.03194	0.00425	5.54e-14	 209,190 	0.1411	-0.039	0.0044	4e-19	0.000362	-0.019	34.71	SIX6	Down-stream	Yes
320:AFR	14	rs17192586	68454505	67987788	A	0.20682	-0.03448	0.0037	1.22e-20	 244,275 	0.2035	-0.0314	0.0037	4.49e-17	0.000355	0.144	168.01	RAD51B	Gene-Body	Yes
321:AFR	14	rs3784099	68749927	68283210	A	0.73039	-0.01732	0.00352	8.92e-07	 224,562 	0.7785	-0.0235	0.0037	1.55e-10	0.00016	0.011	312.81	RAD51B	Gene-Body	Yes
322:AFR	14	rs862049	74981882	74515179	C	0.39473	-0.04046	0.00307	1.35e-39	 243,395 	0.402	-0.0398	0.0031	5.52e-38	0.000769	0.075	17	LTBP2	Gene-Body	Yes
322:AFR	14	rs3825710	75034699	74567996	C	0.46173	-0.02493	0.00316	3.32e-15	 220,730 	0.4702	-0.0254	0.0032	2.93e-15	0.000315	0.162	44.34	LTBP2	Gene-Body	Yes
323:AFR	14	rs888414	75104905	74638202	A	0.46339	0.01685	0.00316	1.01e-07	 220,612 	0.4828	0.0223	0.0032	3.51e-12	0.000187	-0.013	23.05	AREL1	Up-stream	Yes
324:AFR	14	rs17103681	76268186	75801843	G	0.18559	0.03214	0.00416	1.17e-14	 209,566 	0.1977	0.0305	0.0042	2.79e-13	0.000297	-0.08	140.64	TTLL5	Gene-Body	Yes
325:AFR	14	rs2160880	76543373	76077030	G	0.43402	-0.01807	0.00308	4.68e-09	 235,027 	0.4245	-0.0189	0.0031	1.03e-09	0.000168	-0.006	7.04	IFT43	Gene-Body	Yes
326:AFR	14	rs7156625	79942647	79476304	A	0.35199	0.02076	0.00321	9.49e-11	 234,344 	0.362	0.0201	0.0032	3.39e-10	0.000191	0	391.99	NRXN3	Gene-Body	Yes
327:AFR	14	rs4900092	92429504	91963160	G	0.53449	-0.02736	0.003	7.58e-20	 245,308 	0.5468	-0.0276	0.003	3.5e-20	0.000376	-0.012	4.74	TRIP11	Up-stream	Yes
328:AFR	14	rs1043542	93407062	92940717	A	0.30325	0.02255	0.00338	2.73e-11	 226,897 	0.2861	0.0223	0.0034	4.81e-11	0.000212	0.004	3.8	ITPK1	Gene-Body	Yes
329:AFR	14	rs4905899	100285180	99818843	A	0.11598	-0.03044	0.00512	2.85e-09	 203,995 	0.0816	-0.0318	0.0051	5.28e-10	0.000199	0	25.44	EML1	Gene-Body	No
330:AFR	15	rs363820	48729030	48436833	C	0.16228	-0.03014	0.00423	1.04e-12	 225,767 	0.1668	-0.0259	0.0043	2.13e-09	0.000212	-0.124	28.53	FBN1	Gene-Body	Yes
331:AFR	15	rs16961207	48883158	48590961	A	0.09282	-0.02594	0.00549	2.29e-06	 216,592 	0.0981	-0.0378	0.0056	1.94e-11	0.000165	-0.21	54.83	FBN1	Gene-Body	Yes
331:AFR	15	rs8042197	48948291	48656094	C	0.49111	-0.0277	0.00314	1.21e-18	 222,450 	0.5273	-0.026	0.0033	1.8e-15	0.00036	-0.011	10.31	FBN1	Down-stream	Yes
332:AFR	15	rs1550335	51405511	51113314	A	0.35671	0.02495	0.00314	2e-15	 242,448 	0.3621	0.0268	0.0032	1.58e-17	0.000307	0.07	8.04	TNFAIP8L3	Down-stream	Yes
333:AFR	15	rs17647719	51568204	51276007	G	0.30389	-0.03881	0.00334	3.75e-31	 232,154 	0.3329	-0.0373	0.0034	1.3e-28	0.000613	0.027	33.74	MIR4713	Down-stream	Yes
334:AFR	15	rs8033275	56138427	55846229	C	0.37437	-0.02143	0.00316	1.24e-11	 234,424 	0.3873	-0.0185	0.0032	4.93e-09	0.000186	0.042	19.31	NEDD4	Gene-Body	Yes
335:AFR	15	rs3743267	60771289	60479090	A	0.53003	-0.02058	0.0031	3.37e-11	 228,788 	0.5873	-0.0188	0.0031	1.59e-09	0.000192	0.008	0.07	NARG2	Gene-Body	Yes
336:AFR	15	rs8039718	70356150	70063811	T	0.13905	0.02937	0.00457	1.29e-10	 219,828 	0.1283	0.0295	0.0046	1.03e-10	0.000208	0.02	15.56	MIR629	Up-stream	Yes
337:AFR	15	rs12440667	74231439	73939098	T	0.21453	-0.02139	0.00377	1.37e-08	 229,645 	0.1892	-0.0299	0.0038	6.55e-15	0.000216	-0.135	10.85	LOXL1-AS1	Down-stream	Yes
338:AFR	15	rs11629946	74871891	74579550	T	0.51152	-0.02278	0.00309	1.84e-13	 229,515 	0.5558	-0.0253	0.0032	1.17e-15	0.000288	0.181	18.58	ARID3B	Gene-Body	Yes
339:AFR	15	rs7402884	77381959	77089617	A	0.64979	-0.01849	0.00367	4.71e-07	 179,110 	0.7123	-0.0228	0.0038	1.44e-09	0.000192	0.007	18.39	TSPAN3	Down-stream	Yes
340:AFR	15	rs6495592	81832664	81540323	G	0.38399	-0.02096	0.00332	2.89e-10	 210,094 	0.3729	-0.0202	0.0033	1.16e-09	0.000201	-0.024	97.25	LOC101929655	Down-stream	Yes
341:AFR	15	rs2562784	84286492	83617740	G	0.35034	0.02491	0.00316	3.1e-15	 241,831 	0.3617	0.0219	0.0032	9.66e-12	0.000248	-0.171	1	SH3GL3	Gene-Body	Yes
342:AFR	15	rs4842924	84587607	83918855	C	0.23096	-0.03963	0.00359	2.38e-28	 240,000 	0.2061	-0.0448	0.0037	2.92e-34	0.000631	0.021	120.99	ADAMTSL3	Gene-Body	Yes
343:AFR	15	rs4932430	89363866	88820635	A	0.45384	-0.02775	0.00321	4.83e-18	 215,604 	0.4469	-0.0256	0.0032	2.15e-15	0.000352	0.017	17.19	ACAN	Gene-Body	Yes
343:AFR	15	rs16942277	89375866	88832635	G	0.42505	-0.03384	0.00306	2.21e-28	 239,504 	0.44	-0.0249	0.0031	8.4e-16	0.000412	-0.097	29.19	ACAN	Gene-Body	Yes
343:AFR	15	rs12901266	89388092	88844861	A	0.10932	0.07224	0.00495	3.35e-48	 229,875 	0.0948	0.0618	0.0051	2.39e-34	0.000869	-0.166	30.49	ACAN	Gene-Body	Yes
343:AFR	15	rs3784757	89403404	88860173	A	0.3062	-0.04391	0.00349	2.17e-36	 212,740 	0.3596	-0.0368	0.0036	5.23e-25	0.000686	0.064	15.18	ACAN	Gene-Body	Yes
343:AFR	15	rs8042108	89404880	88861649	T	0.41755	-0.05231	0.0032	3.89e-60	 220,660 	0.4481	-0.0483	0.0032	5.65e-51	0.00123	-0.018	13.71	ACAN	Gene-Body	Yes
344:AFR	15	rs4534818	89502228	88958997	G	0.24484	-0.01621	0.00356	5.24e-06	 234,685 	0.2295	-0.0204	0.0036	1.47e-08	0.000122	-0.002	45.57	MFGE8	Down-stream	Yes
345:AFR	15	rs1319868	99186979	98643750	T	0.32571	-0.02804	0.00339	1.26e-16	 217,846 	0.3406	-0.0281	0.0034	1.88e-16	0.000346	0.037	4.79	IGF1R	Up-stream	Yes
345:AFR	15	rs2311767	99214986	98671757	T	0.13939	-0.03746	0.00441	1.99e-17	 235,474 	0.1503	-0.036	0.0044	4.07e-16	0.000324	-0.014	23.22	IGF1R	Gene-Body	Yes
346:AFR	15	rs2573650	100514097	99973892	G	0.24563	-0.03041	0.00352	6.23e-18	 238,614 	0.2403	-0.032	0.0035	1.21e-19	0.000361	-0.014	2.46	ADAMTS17	Gene-Body	Yes
346:AFR	15	rs1480957	100575417	100035212	G	0.33152	0.02613	0.00326	1.12e-15	 233,148 	0.3677	0.029	0.0033	1.18e-18	0.000336	0.02	63.78	ADAMTS17	Gene-Body	No
346:AFR	15	rs4965275	100600393	100060188	A	0.2697	-0.02692	0.00344	5.45e-15	 235,089 	0.2822	-0.0265	0.0035	1.6e-14	0.000281	0.008	88.75	ADAMTS17	Gene-Body	No
347:AFR	15	rs2035344	100690148	100149943	G	0.208	0.0217	0.00424	3e-07	 185,902 	0.1885	0.025	0.0042	3.83e-09	0.000179	0.017	178.51	ADAMTS17	Gene-Body	Yes
348:AFR	15	rs11247168	100760511	100220306	G	0.29015	-0.02189	0.00341	1.33e-10	 229,597 	0.29	-0.0196	0.0034	9.38e-09	0.000177	0.046	121.67	ADAMTS17	Gene-Body	Yes
348:AFR	15	rs7496668	100821576	100281371	A	0.42824	-0.02309	0.00306	4.36e-14	 239,805 	0.4347	-0.0226	0.0031	1.49e-13	0.000256	0.023	60.61	ADAMTS17	Gene-Body	Yes
349:AFR	15	rs10751716	101558227	101018022	A	0.36382	0.0226	0.00317	1.06e-12	 235,788 	0.3945	0.0236	0.0032	1.42e-13	0.000247	0	52.09	LRRK1	Gene-Body	No
350:AFR	16	rs17559	1841033	1791032	A	0.41051	-0.02175	0.00324	1.85e-11	 216,562 	0.4364	-0.0185	0.0033	1.64e-08	0.000194	0.091	0.62	IGFALS	Gene-Body	No
351:AFR	16	rs2516740	2097110	2047109	C	0.50717	-0.0303	0.00309	9.42e-23	 230,753 	0.5308	-0.0284	0.0031	5.46e-20	0.000431	-0.025	0.76	NTHL1	Gene-Body	Yes
352:AFR	16	rs26857	2260567	2210566	C	0.47501	-0.01898	0.00327	6.46e-09	 206,127 	0.4908	-0.0218	0.0033	2.99e-11	0.000206	-0.056	0.5	BRICD5	Gene-Body	Yes
353:AFR	16	rs4412969	2478253	2428252	T	0.20969	-0.02241	0.00391	1.03e-08	 216,433 	0.1808	-0.0248	0.0039	2.68e-10	0.000184	0.032	1.14	CCNF	Up-stream	Yes
354:AFR	16	rs2444217	4038387	3988386	A	0.25059	0.02378	0.00376	2.52e-10	 207,013 	0.216	0.0221	0.0038	6.2e-09	0.000197	0.064	25.74	ADCY9	Gene-Body	Yes
355:AFR	16	rs251736	4318455	4268454	A	0.40834	-0.02016	0.00317	1.95e-10	 226,609 	0.3848	-0.0214	0.0032	1.72e-11	0.000208	0	4.55	TFAP4	Gene-Body	Yes
356:AFR	16	rs246185	14395432	14301575	C	0.34315	0.02138	0.00334	1.49e-10	 218,724 	0.3301	0.0214	0.0033	1.5e-10	0.000206	0	2.39	MIR193B	Up-stream	Yes
357:AFR	16	rs16945372	47503173	47469262	G	0.14716	-0.02529	0.00434	5.62e-09	 232,353 	0.1565	-0.0253	0.0043	5.64e-09	0.000161	0	7.96	PHKB	Gene-Body	Yes
358:AFR	16	rs8050745	67311767	67277864	A	0.52092	-0.02469	0.0031	1.71e-15	 228,704 	0.57	-0.025	0.0031	7.14e-16	0.000309	0.019	0.36	PLEKHG4	Gene-Body	Yes
359:AFR	16	rs739414	73097956	73064057	C	0.27908	0.01922	0.00338	1.32e-08	 238,749 	0.2835	0.0197	0.0034	5.41e-09	0.000153	0	5.42	ZFHX3	Down-stream	Yes
360:AFR	16	rs2641697	84885777	84852171	G	0.51146	-0.01716	0.00319	7.83e-08	 215,406 	0.5288	-0.0176	0.0032	3.58e-08	0.000151	-0.025	32.19	CRISPLD2	Gene-Body	Yes
361:AFR	16	rs12918773	89741403	89674995	A	0.04296	-0.04372	0.0077	1.37e-08	 225,302 	0.025	-0.0447	0.0077	6.29e-09	0.000161	0	4.54	SPATA33	Down-stream	Yes
362:AFR	17	rs312460	6926130	7022811	A	0.3035	-0.03379	0.00335	6.12e-24	 231,609 	0.3131	-0.0333	0.0034	2.85e-23	0.000476	-0.016	0.24	BCL6B	Up-stream	Yes
363:AFR	17	rs9217	7363088	7459769	C	0.3495	0.03053	0.00316	4.07e-22	 242,294 	0.3433	0.03	0.0032	1.89e-21	0.000417	0	0.4	ZBTB4	Gene-Body	Yes
364:AFR	17	rs4646359	17470609	17567295	T	0.349	-0.01921	0.00325	3.24e-09	 229,611 	0.336	-0.0189	0.0032	5.58e-09	0.000165	0.03	24.41	PEMT	Gene-Body	Yes
365:AFR	17	rs4925112	17700573	17797259	C	0.22754	0.02193	0.00384	1.11e-08	 212,199 	0.258	0.0214	0.0038	2.78e-08	0.000165	-0.057	14.09	SREBF1	Up-stream	Yes
366:AFR	17	rs4640244	21284223	21380911	G	0.21846	-0.02299	0.00369	4.72e-10	 236,217 	0.1831	-0.0214	0.0037	6.95e-09	0.000168	0.03	4.53	KCNJ12	Gene-Body	Yes
367:AFR	17	rs9915139	29158515	30831497	G	0.07945	0.01425	0.00565	0.0116	 235,572 	0.0742	0.0379	0.0059	1.62e-10	7.91e-05	0.308	0.51	ATAD5	Up-stream	No
368:AFR	17	rs3760318	29247715	30920697	A	0.43591	-0.03272	0.00305	6.49e-27	 240,769 	0.4294	-0.0397	0.0032	2.55e-35	0.000639	-0.036	1.04	ADAP2	Up-stream	Yes
369:AFR	17	rs1009570	38596425	40440173	A	0.13439	-0.04589	0.00455	6.51e-24	 227,931 	0.1107	-0.0363	0.0047	1.08e-14	0.000387	0.037	3.25	IGFBP4	Up-stream	Yes
370:AFR	17	rs12453215	40865612	42713594	G	0.4293	0.01741	0.00325	8.28e-08	 212,526 	0.4187	0.0207	0.0033	1.94e-10	0.000177	-0.069	5.44	MIR6780A	Down-stream	Yes
371:AFR	17	rs609292	42180436	44103068	G	0.76133	0.04725	0.00392	1.87e-33	 196,583 	0.809	0.0393	0.0041	2.87e-22	0.000675	0.085	20.58	HDAC5	Gene-Body	Yes
372:AFR	17	rs10491182	46120767	48043405	C	0.18371	0.03762	0.00393	9.73e-22	 237,488 	0.194	0.0286	0.004	5.22e-13	0.000322	-0.081	4.92	NFE2L1	Up-stream	Yes
373:AFR	17	rs7225971	53704622	55627261	A	0.20553	-0.06811	0.00415	2.15e-60	 194,643 	0.1476	-0.0524	0.0043	9.73e-34	0.00117	-0.221	92.37	TMEM100	Up-stream	No
374:AFR	17	rs9907123	55414004	57336643	C	0.33902	0.03611	0.00336	6.1e-27	 217,043 	0.3768	0.0228	0.0034	3.74e-11	0.000369	-0.049	80.07	MSI2	Gene-Body	No
375:AFR	17	rs757608	59497277	61419916	A	0.21501	0.0212	0.00363	5.32e-09	 246,669 	0.1981	0.0298	0.0037	3.59e-16	0.000213	-0.06	6.64	C17orf82	Down-stream	Yes
375:AFR	17	rs8070051	59566682	61489321	T	0.1683	0.04736	0.00406	1.79e-31	 238,199 	0.1754	0.0419	0.0041	1.27e-24	0.000555	-0.09	5.02	TBX4	Down-stream	No
375:AFR	17	rs8071653	59612041	61534680	G	0.34598	-0.04357	0.00345	1.61e-36	 203,556 	0.3185	-0.0279	0.0035	3.01e-15	0.00055	-0.01	50.38	TBX4	Down-stream	Yes
376:AFR	17	rs2070776	62007498	63930138	A	0.32729	-0.03486	0.00319	9.25e-28	 244,778 	0.3293	-0.0265	0.0033	1.13e-15	0.000407	-0.263	1.4	CD79B	Gene-Body	Yes
376:AFR	17	rs2003549	62008437	63931077	T	0.32056	0.04241	0.00327	1.7e-38	 235,913 	0.34	0.032	0.0034	3.51e-21	0.000592	-0.032	1.27	CD79B	Gene-Body	Yes
377:AFR	17	rs10048158	64236318	66240200	T	0.14266	-0.03755	0.00447	4.17e-17	 225,178 	0.1239	-0.028	0.0045	5.72e-10	0.000257	-0.085	10.76	APOH	Down-stream	Yes
378:AFR	17	rs2716195	67528431	69532290	A	0.42813	0.02397	0.00342	2.53e-12	 191,410 	0.4593	0.0194	0.0034	1.69e-08	0.000228	0.06	10.04	MAP2K6	Gene-Body	Yes
379:AFR	17	rs2158917	69926109	71929968	T	0.4532	0.02	0.00304	4.84e-11	 239,518 	0.4732	0.0178	0.0031	5.33e-09	0.000177	0.002	91.88	LOC102723505	Up-stream	Yes
380:AFR	17	rs3208787	79525660	81558634	G	0.38603	0.02064	0.00336	8.35e-10	 204,907 	0.4041	0.0206	0.0034	8.87e-10	0.000202	0	1.75	NPLOC4	Gene-Body	No
381:AFR	18	rs4308051	20735461	23155497	T	0.1258	-0.06605	0.00455	7.74e-48	 241,541 	0.1136	-0.0683	0.0046	8.98e-51	0.000992	0.04	20.93	CABLES1	Gene-Body	Yes
382:AFR	18	rs1370901	24240801	26660837	C	0.37174	0.01736	0.00315	3.72e-08	 236,553 	0.3509	0.0178	0.0032	1.79e-08	0.000144	0.081	3.44	KCTD1	Down-stream	Yes
383:AFR	18	rs1667284	29226208	31646245	A	0.17673	0.02287	0.00414	3.41e-08	 219,931 	0.1403	0.0239	0.0042	9.82e-09	0.000159	0	24	B4GALT6	Gene-Body	No
384:AFR	18	rs8097888	46523950	48997580	A	0.3238	-0.02366	0.00331	8.52e-13	 229,309 	0.3449	-0.0193	0.0033	6.74e-09	2e-04	-0.127	46.22	DYM	Up-stream	No
385:AFR	18	rs1893526	46711776	49185406	A	0.44273	0.03442	0.00311	1.63e-28	 230,525 	0.4069	0.0321	0.0031	1.17e-24	0.000545	0	135.64	MIR4744	Down-stream	Yes
386:AFR	18	rs12964203	57903604	60236371	C	0.11646	0.03441	0.00473	3.58e-13	 238,305 	0.1006	0.0324	0.0048	1.4e-11	0.000229	-0.094	134.96	MC4R	Up-stream	Yes
386:AFR	18	rs17773235	57922526	60255293	A	0.3887	0.01227	0.00309	7.1e-05	 242,436 	0.4036	0.0184	0.0032	5.86e-09	0.000107	0.201	116.04	MC4R	Up-stream	Yes
387:AFR	18	rs11873305	58049192	60381959	C	0.27158	-0.02264	0.00344	4.6e-11	 234,748 	0.309	-0.0233	0.0035	4.68e-11	0.000209	0	9.19	MC4R	Down-stream	Yes
388:AFR	18	rs2290154	77211175	79451175	C	0.65014	-0.03023	0.00342	8.82e-19	 206,832 	0.6574	-0.0302	0.0034	8.96e-19	0.000416	0	55.4	NFATC1	Gene-Body	Yes
389:AFR	19	rs1074047	2158748	2158749	G	0.4695	0.02715	0.00314	5.8e-18	 223,198 	0.4696	0.0269	0.0031	1.1e-17	0.000364	0.006	5.4	DOT1L	Up-stream	Yes
390:AFR	19	rs350818	4086807	4086809	A	0.25768	0.02244	0.00375	2.23e-09	 203,962 	0.2069	0.0222	0.0038	3.14e-09	0.000191	-0.01	3.51	MAP2K2	Up-stream	Yes
391:AFR	19	rs7251963	7170241	7170230	C	0.28427	-0.03048	0.00338	2.04e-19	 235,997 	0.2563	-0.0294	0.0034	4.17e-18	0.000364	-0.033	57.98	INSR	Gene-Body	Yes
392:AFR	19	rs776291	12408593	12297778	C	0.37101	0.02419	0.00318	2.86e-14	 232,682 	0.3959	0.023	0.0032	5.52e-13	0.000259	-0.02	2.88	ZNF44	Down-stream	Yes
393:AFR	19	rs2279008	17283303	17172493	C	0.13327	-0.02591	0.00455	1.21e-08	 230,117 	0.1545	-0.0255	0.0045	2.06e-08	0.000153	-0.009	40.8	MYO9B	Gene-Body	Yes
394:AFR	19	rs10415320	18640573	18529763	A	0.39586	-0.01948	0.0033	3.76e-09	 210,409 	0.3968	-0.0194	0.0033	4.03e-09	0.000181	0	1.99	FKBP8	Up-stream	Yes
395:AFR	19	rs1473248	41923314	41417409	T	0.19808	0.02899	0.00382	3.12e-14	 237,184 	0.1755	0.0291	0.0038	2.84e-14	0.000268	0.016	7.6	BCKDHA	Gene-Body	Yes
396:AFR	19	rs25484	44050966	43546814	C	0.15741	0.02843	0.00433	5.12e-11	 221,017 	0.1503	0.0286	0.0043	3.78e-11	0.000216	0.029	3.5	XRCC1	Gene-Body	Yes
397:AFR	19	rs41374344	48131817	47628560	C	0.20288	-0.02157	0.0038	1.35e-08	 235,551 	0.1945	-0.0229	0.0038	1.81e-09	0.000159	0	20.37	GLTSCR1	Gene-Body	Yes
398:AFR	20	rs1741344	4101800	4121153	C	0.42274	0.02531	0.00302	5.17e-17	 246,873 	0.4282	0.0256	0.003	2.64e-17	0.000316	-0.002	27.63	SMOX	Up-stream	Yes
399:AFR	20	rs6117342	6560776	6580129	G	0.34048	-0.01957	0.00337	6.64e-09	 214,835 	0.3301	-0.0187	0.0034	2.92e-08	0.000165	-0.024	51.67	CASC20	Down-stream	Yes
399:AFR	20	rs979012	6623374	6642727	T	0.32571	0.03329	0.00323	6.99e-25	 239,369 	0.3294	0.0331	0.0032	1.27e-24	0.000484	0	114.27	CASC20	Down-stream	Yes
400:AFR	20	rs6081869	20060745	20080101	G	0.14242	-0.02955	0.00456	9.11e-11	 216,352 	0.1092	-0.0279	0.0046	1.23e-09	0.000201	0.093	24.06	CRNKL1	Down-stream	Yes
401:AFR	20	rs2252720	21223663	21243025	T	0.36826	-0.02738	0.00324	3.08e-17	 224,495 	0.3308	-0.0263	0.0033	6.38e-16	0.000336	-0.041	3.6	KIZ	Gene-Body	Yes
402:AFR	20	rs6115200	25487377	25506741	G	0.70119	-0.01347	0.00338	6.72e-05	 229,759 	0.7151	-0.0196	0.0034	8.69e-09	0.000111	0.015	54.04	NINL	Gene-Body	Yes
403:AFR	20	rs7274811	32333181	33745375	T	0.2048	-0.04279	0.00375	3.68e-30	 239,791 	0.2098	-0.0396	0.0038	9.82e-26	0.000552	0.089	13.62	ZNF341	Gene-Body	Yes
404:AFR	20	rs6088677	33607464	35019661	C	0.17047	0.01817	0.00401	5.82e-06	 241,655 	0.1576	0.0286	0.0041	1.87e-12	0.000147	0.075	17.22	MYH7B	Down-stream	Yes
405:AFR	20	rs143384	34025756	35437976	A	0.15586	-0.05989	0.00454	1.16e-39	 202,066 	0.1219	-0.0611	0.0047	8.46e-39	0.000962	-0.181	0.21	GDF5	Gene-Body	Yes
406:AFR	20	rs6058322	34367277	35779355	G	0.26335	0.03215	0.00344	8.55e-21	 239,604 	0.2737	0.0248	0.0035	1.57e-12	0.00031	-0.021	7.36	PHF20	Gene-Body	Yes
407:AFR	20	rs1291141	35518439	36890036	T	0.3544	-0.01913	0.00321	2.65e-09	 232,409 	0.3588	-0.0235	0.0032	4.62e-13	0.000206	0	1.79	SAMHD1	Up-stream	Yes
408:AFR	20	rs6512577	47865784	49249247	T	0.18147	0.04141	0.00392	3.92e-26	 241,035 	0.1823	0.0414	0.0039	4.02e-26	0.00051	0	3.35	ZNFX1	Gene-Body	Yes
409:AFR	22	rs2240182	31360592	30964606	G	0.39582	0.02065	0.00312	3.91e-11	 235,234 	0.3814	0.0202	0.0031	1.12e-10	0.000199	0.023	3.6	MORC2	Gene-Body	Yes
410:AFR	22	rs762899	33046110	32650124	G	0.06646	-0.0343	0.00647	1.16e-07	 211,460 	0.0532	-0.0436	0.0065	2.77e-11	0.000186	-0.156	137.57	SYN3	Gene-Body	Yes
410:AFR	22	rs2413138	33047522	32651536	A	0.31089	-0.02617	0.00337	8.33e-15	 225,614 	0.3451	-0.0288	0.0034	2.86e-17	0.000323	0	138.98	SYN3	Gene-Body	Yes
411:AFR	22	rs720682	45717859	45321978	C	0.2947	-0.03135	0.00354	7.84e-19	 211,128 	0.238	-0.0309	0.0035	2.36e-18	0.000403	0.021	12.78	FAM118A	Gene-Body	Yes
412:AFR	22	rs763010	46235105	45839225	T	0.40601	-0.0194	0.00309	3.32e-10	 238,916 	0.4083	-0.0189	0.0031	1e-09	0.000177	0	6.08	ATXN10	Gene-Body	Yes
